
Last position-specific scoring matrix computed, weighted observed percentages rounded down, information per position, and relative weight of gapless real matches to pseudocounts
            A   R   N   D   C   Q   E   G   H   I   L   K   M   F   P   S   T   W   Y   V   A   R   N   D   C   Q   E   G   H   I   L   K   M   F   P   S   T   W   Y   V
    1 W    -3  -3  -4  -5  -3  -2  -3  -3  -3  -3  -2  -3  -2   1  -4  -3  -3  11   2  -3    0   0   0   0   0   0   0   0   0   0   0   0   0   0   0   0   0 100   0   0  2.56 0.06
    2 N    -1   1   4   2  -3   1   0  -1   0  -3  -3   4  -2  -3  -2   0  -1  -4  -2  -3    0   0  35  11   0   0   0   0   0   0   0  54   0   0   0   0   0   0   0   0  0.45 0.02
    3 P    -1  -3  -3  -3  -2  -2  -3  -3  -3   2   1  -2   0   3   4  -2  -1  -1   0   2    0   0   0   0   0   0   0   0   0  21   7   0   0  26  24   0   0   0   0  23  0.37 0.01
    4 F    -2  -3  -3  -4  -3  -3  -4  -4  -2   0   1  -3   0   7  -4  -3  -2   1   3  -1    0   0   0   0   0   0   0   0   0   0  11   0   0  89   0   0   0   0   0   0  0.76 0.03
    5 K    -1   2   0  -1  -3   1   1  -2  -1  -3  -3   5  -2  -3  -1   0  -1  -3  -2  -3    0   0   0   0   0   0   0   0   0   0   0 100   0   0   0   0   0   0   0   0  0.62 0.04
    6 E    -1   1   0   1  -4   1   4  -2  -1  -3  -3   4  -2  -3  -1   0  -1  -3  -2  -3    0   0   0   5   0   0  41   0   0   0   0  54   0   0   0   0   0   0   0   0  0.51 0.02
    7 L    -2  -3  -4  -4  -1  -3  -3  -4  -3   4   3  -3   1   0  -3  -3  -1  -2  -1   2    0   0   0   0   0   0   0   0   0  65  35   0   0   0   0   0   0   0   0   0  0.40 0.02
    8 E    -1   0   0   1  -4   2   6  -2   0  -4  -3   1  -2  -4  -1   0  -1  -3  -2  -3    0   0   0   0   0   0 100   0   0   0   0   0   0   0   0   0   0   0   0   0  0.82 0.03
    9 R    -1   4   0  -1  -3   1   0   1  -1  -3  -3   4  -2  -3  -2  -1  -1  -3  -2  -3    0  33   0   0   0   0   0  11   0   0   0  56   0   0   0   0   0   0   0   0  0.48 0.02
   10 A     2  -2  -3  -3  -1  -2  -2  -2  -3   2   1  -2   2  -1  -2  -1   0  -3  -2   3   32   0   0   0   0   0   0   0   0   7   0   0  15   0   0   0   0   0   0  46  0.20 0.01
   11 G     0  -3  -1  -2  -2  -2  -2   6  -2  -2  -3  -2  -2  -3  -2  -1  -2  -3  -3  -1    0   0   0   0   0   0   0  87   0   0   0   0   0   0   0   0   0   0   0  13  0.85 0.02
   12 Q     0   4   0  -1  -3   4   1  -2   0  -3  -2   2  -1  -3  -2   0  -1  -3  -2  -2    7  40   0   0   0  53   0   0   0   0   0   0   0   0   0   0   0   0   0   0  0.54 0.02
   13 R    -2   4   4   0  -3   0   0  -2   2  -3  -3   1  -2  -3  -2   0  -1  -3  -2  -3    0  51  45   0   0   0   0   0   5   0   0   0   0   0   0   0   0   0   0   0  0.54 0.02
   14 V    -1  -3  -3  -3  -1  -2  -3  -3  -3   3   1  -2   1  -1  -3  -2   1  -3  -1   4    0   0   0   0   0   0   0   0   0  38   0   0   0   0   0   0   7   0   0  54  0.34 0.02
   15 R    -2   6  -1  -2  -4   1   0  -3   0  -3  -2   2  -2  -3  -2  -1  -1  -3  -2  -3    0 100   0   0   0   0   0   0   0   0   0   0   0   0   0   0   0   0   0   0  0.85 0.03
   16 D    -2  -2   2   6  -4   0   1  -1  -1  -3  -4  -1  -3  -4  -2   0  -1  -5  -3  -3    0   0   8  92   0   0   0   0   0   0   0   0   0   0   0   0   0   0   0   0  0.95 0.03
   17 A     2  -2  -1  -1  -2  -1  -2   4  -2  -3  -3  -1  -2  -3  -2   1  -1  -3  -3  -2   35   0   0   0   0   0   0  54   0   0   0   0   0   0   0  11   0   0   0   0  0.56 0.02
   18 V    -1  -3  -3  -3  -1  -3  -3  -4  -3   4   2  -3   1   0  -3  -2  -1  -3  -1   3    0   0   0   0   0   0   0   0   0  49   8   0   0   0   0   0   0   0   0  43  0.37 0.02
   19 I    -1  -3  -3  -3  -1  -3  -3  -4  -3   4   1  -3   1   0  -3  -2  -1  -3  -2   3    5   0   0   0   0   0   0   0   0  82   0   0   0   0   0   0   0   0   0  13  0.39 0.02
   20 S     0   1   0  -1  -2   1   0  -1  -1  -1  -2   4  -1  -3  -1   2   0  -3  -2  -2    0   0   0   0   0   0   0   0   0   7   0  54   0   0   0  39   0   0   0   0  0.31 0.02
   21 A     4  -2  -2  -2  -1  -1  -1   0  -2  -2  -2  -1  -1  -3  -1   1   0  -3  -2   0  100   0   0   0   0   0   0   0   0   0   0   0   0   0   0   0   0   0   0   0  0.47 0.03
   22 A     2  -2  -1  -2  -2  -2  -2   5  -2  -3  -3  -2  -2  -3  -2   0  -1  -3  -3  -2   24   0   0   0   0   0   0  76   0   0   0   0   0   0   0   0   0   0   0   0  0.78 0.02
   23 P    -1  -2  -2  -2  -3  -1  -1  -2  -2  -3  -3  -1  -3  -4   8  -1  -1  -4  -3  -2    0   0   0   0   0   0   0   0   0   0   1   0   0   0  95   0   0   0   0   0  1.94 0.03
   24 A     4  -2  -2  -2  -1  -1  -1   0  -2  -2  -2  -1  -1  -3  -1   1   0  -3  -2   0  100   0   0   0   0   0   0   0   0   0   0   0   0   0   0   0   0   0   0   0  0.47 0.03
   25 V    -1  -3  -3  -3  -1  -3  -3  -4  -3   4   1  -3   1  -1  -3  -2   0  -3  -1   4    0   0   0   0   0   0   0   0   0  48   0   0   0   0   0   0   0   0   0  52  0.39 0.02
   26 A     3   0  -1   2  -2   1   1   0  -1  -2  -2   0  -1  -3  -1   1   0  -3  -2  -1   50   7   0  16   0   6  13   3   0   0   0   0   0   0   0   0   5   0   0   0  0.24 0.01
   27 T     0  -2  -2  -2  -1  -2  -2  -3  -3   2   0  -2   0  -1  -2   0   3  -3  -2   3    0   0   0   0   0   0   0   0   0   0   0   0   0   0   0   0  35   0   0  65  0.28 0.02
   28 V    -1  -3  -3  -4  -1  -2  -3  -4  -3   2   3  -3   1   0  -3  -2  -1  -2  -1   3    0   0   0   0   0   0   0   0   0   5  49   0   0   0   0   0   0   0   0  47  0.35 0.01
   29 G     2  -1  -1  -2  -2  -1  -2   5  -2  -3  -3   0  -2  -3  -2   0  -1  -3  -3  -2   23   0   0   0   0   0   0  67   0   0   0  11   0   0   0   0   0   0   0   0  0.64 0.02
   30 Q     0   1   0   0  -3   5   2  -2   0  -3  -2   2  -1  -3  -1   0   0  -3  -2  -2   11   0   0   0   0  59   8   0   0   0   0  16   0   0   0   4   3   0   0   0  0.45 0.02
   31 A     4  -2  -1  -2  -1  -1  -1   0  -2  -2  -2  -1  -1  -3  -1   2   0  -3  -2   0   89   0   0   0   0   0   0   0   0   0   0   0   0   0   0  11   0   0   0   0  0.44 0.03
   32 A     1   1   0  -1  -2   2   0  -1  -1  -2  -2   3  -1  -3  -1   1   2  -3  -2  -1   18   0   0   0   0  15   0   0   0   0   0  41   0   0   0   0  26   0   0   0  0.28 0.02
   33 A     4  -1  -1  -1  -1   0  -1   0  -1  -2  -2   0  -1  -3  -1   2   1  -3  -2  -1   68   0   0   0   0   4   0   0   0   0   0   6   0   0   0  18   4   0   0   0  0.33 0.02
   34 I    -1  -3  -4  -4  -1  -3  -3  -4  -3   3   3  -3   2   0  -3  -3  -1  -2  -1   2    0   0   0   0   0   0   0   0   0  37  54   0   0   0   0   0   0   0   0   9  0.38 0.01
   35 A     2  -2  -1  -2  -2  -2  -2   4  -2  -1  -2  -1  -2  -3  -2   0   0  -3  -3  -1   39   0   0   0   0   0   0  49   0   7   0   0   0   0   0   0   5   0   0   0  0.45 0.02
   36 R    -1   3   0  -1  -3   2   1  -2  -1  -3  -3   4  -1  -3  -1   1  -1  -3  -2  -2    0  18   0   0   0   8   0   0   0   0   0  63   0   0   0  11   0   0   0   0  0.46 0.02
   37 G     0  -3  -1  -1  -3  -2  -2   6  -2  -4  -4  -2  -3  -3  -2   0  -2  -3  -3  -3    0   0   0   0   0   0   0 100   0   0   0   0   0   0   0   0   0   0   0   0  1.08 0.02

                      K         Lambda
Standard Ungapped    0.1278     0.3179
Standard Gapped      0.0429     0.2670
PSI Ungapped         0.1403     0.3180
PSI Gapped           0.0429     0.2670
