
Last position-specific scoring matrix computed, weighted observed percentages rounded down, information per position, and relative weight of gapless real matches to pseudocounts
            A   R   N   D   C   Q   E   G   H   I   L   K   M   F   P   S   T   W   Y   V   A   R   N   D   C   Q   E   G   H   I   L   K   M   F   P   S   T   W   Y   V
    1 M    -1  -2  -2  -3  -2   0  -2  -3  -2   1   2  -2   6   0  -3  -2  -1  -2  -1   1    0   0   0   0   0   0   0   0   0   0   0   0 100   0   0   0   0   0   0   0  0.35 0.00
    2 Y    -2  -2  -2  -3  -3  -2  -2  -3   2  -2  -1  -2  -1   3  -3  -2  -2   2   7  -1    0   0   0   0   0   0   0   0   0   0   0   0   0   0   0   0   0   0 100   0  0.90 0.01
    3 R     0   3  -1  -2  -2   0  -1  -2  -1   0   2   0   0  -1  -2   2   0  -3  -2  -1    0  31   0   0   0   0   0   0   0   0  37   0   0   0   0  32   0   0   0   0  0.17 0.00
    4 W    -2  -3  -2  -3  -3  -2  -3   3  -3  -3  -2  -3  -2   0  -3  -2  -2  10   1  -3    0   0   0   0   0   0   0  32   0   0   0   0   0   0   0   0   0  68   0   0  1.52 0.01
    5 C     0  -2  -1  -2   6  -2  -2  -2  -2   0  -1  -2  -1  -2  -2   2   0  -3  -2   2    0   0   0   0  31   0   0   0   0   0   0   0   0   0   0  37   0   0   0  32  0.30 0.01
    6 M    -1  -2  -3  -3  -1  -1  -2  -3  -2   2   2  -2   6   0  -3  -2  -1  -2  -1   2    0   0   0   0   0   0   0   0   0   0   0   0  76   0   0   0   0   0   0  24  0.34 0.02
    7 S     1   0   0   0  -2   0   0  -1  -1  -3  -3   2  -2  -3  -1   4   1  -3  -2  -2    0   0   0   0   0   0   0   0   0   0   0  27   0   0   0  73   0   0   0   0  0.37 0.01
    8 R    -1   5  -1  -2  -3   0  -1  -3  -1   0  -1   2  -1  -2  -2  -1  -1  -3  -2   1    0  73   0   0   0   0   0   0   0   0   0   0   0   0   0   0   0   0   0  27  0.44 0.01
    9 T     0  -2  -1  -2  -1  -1  -1  -2  -2   1  -1  -1   0  -2  -2   1   4  -3  -2   2    0   0   0   0   0   0   0   0   0   0   0   0   0   0   0   0  73   0   0  27  0.34 0.01
   10 N    -1   0   4   1  -3   3   3  -1   0  -3  -3   1  -2  -3  -2   0  -1  -3  -2  -3    0   0  46   0   0  27  27   0   0   0   0   0   0   0   0   0   0   0   0   0  0.50 0.01
   11 I    -2  -3  -4  -4  -1  -3  -4  -4  -4   5   2  -3   1   0  -3  -3  -1  -3  -2   3    0   0   0   0   0   0   0   0   0 100   0   0   0   0   0   0   0   0   0   0  0.43 0.02
   12 D    -1  -1   1   5  -4   1   4  -2  -1  -4  -4   0  -3  -4  -1   0  -1  -4  -3  -3    0   0   0  49   0   0  51   0   0   0   0   0   0   0   0   0   0   0   0   0  0.71 0.01
   13 I    -1  -3  -4  -4  -1  -3  -3  -4  -3   3   2  -3   1   0  -3  -2  -1  -3  -1   3    0   0   0   0   0   0   0   0   0  46  27   0   0   0   0   0   0   0   0  27  0.34 0.01
   14 D    -2  -2   1   6  -4   0   2  -2  -1  -4  -4  -1  -3  -4  -2   0  -1  -5  -3  -4    0   0   0 100   0   0   0   0   0   0   0   0   0   0   0   0   0   0   0   0  0.98 0.02
   15 D    -2  -2   1   6  -4   0   2  -2  -1  -4  -4  -1  -3  -4  -2   0  -1  -5  -3  -4    0   0   0 100   0   0   0   0   0   0   0   0   0   0   0   0   0   0   0   0  0.98 0.02
   16 E    -1  -1   0   4  -4   1   5  -2   0  -4  -3   0  -3  -4  -1   0  -1  -4  -3  -3    0   0   0  27   0   0  73   0   0   0   0   0   0   0   0   0   0   0   0   0  0.69 0.01
   17 L     1  -2  -3  -3  -1  -2  -2  -2  -3   1   3  -2   2   0  -2  -1  -1  -2  -1   1   27   0   0   0   0   0   0   0   0   0  73   0   0   0   0   0   0   0   0   0  0.28 0.01
   18 A     1  -2  -3  -3  -1  -2  -3  -2  -3   3   2  -2   1  -1  -2  -1  -1  -3  -1   2   22   0   0   0   0   0   0   0   0  27  27   0   0   0   0   0   0   0   0  24  0.21 0.00
   19 A     4  -1  -1  -1  -1   3   0   0  -1  -2  -2   0  -1  -3  -1   1   0  -3  -2  -1   73   0   0   0   0  27   0   0   0   0   0   0   0   0   0   0   0   0   0   0  0.34 0.01
   20 E     1   0   0   3  -3   1   2  -1  -1  -3  -3   2  -2  -3  -1   0  -1  -3  -2  -2   24   0   0  27   0   0  22   0   0   0   0  27   0   0   0   0   0   0   0   0  0.33 0.01
   21 V     2  -2  -3  -3  -1  -2  -2  -2  -3   2   0  -2   0  -1  -2  -1   0  -3  -2   4   24   0   0   0   0   0   0   0   0   0   0   0   0   0   0   0   0   0   0  76  0.26 0.01
   22 M    -1  -1  -2  -2  -2   2  -1  -3  -1   2   1  -1   4  -1  -2  -1  -1  -2  -1   1    0   0   0   0   0  24   0   0   0  27   0   0  49   0   0   0   0   0   0   0  0.22 0.01
   23 R    -2   6  -1  -2  -4   1   0  -3   0  -3  -2   2  -2  -3  -2  -1  -1  -3  -2  -3    0 100   0   0   0   0   0   0   0   0   0   0   0   0   0   0   0   0   0   0  0.80 0.02
   24 R    -1   4  -2  -3  -2   0  -1  -3  -1   2   0   1   3  -1  -3  -1  -1  -3  -2   0    0  49   0   0   0   0   0   0   0  27   0   0  24   0   0   0   0   0   0   0  0.26 0.01
   25 F     1  -2  -2  -3  -2  -2  -2  -2   1  -1  -1  -2  -1   4  -3  -1  -1   1   6  -1   27   0   0   0   0   0   0   0   0   0   0   0   0  22   0   0   0   0  51   0  0.46 0.01
   26 G     2   4  -1  -2  -2   0  -1   2  -1  -3  -2   1  -2  -3  -2   0  -1  -3  -2  -2   27  51   0   0   0   0   0  22   0   0   0   0   0   0   0   0   0   0   0   0  0.37 0.01
   27 L    -1  -3  -3  -4  -1  -2  -3  -4  -3   2   3  -3   1   0  -3  -2  -1  -2  -1   3    0   0   0   0   0   0   0   0   0   0  46   0   0   0   0   0   0   0   0  54  0.33 0.01
   28 T    -1   0   0   3  -3   0   0  -2   5  -3  -3   2  -2  -3  -2   0   2  -3  -1  -2    0   0   0  24   0   0   0   0  27   0   0  27   0   0   0   0  22   0   0   0  0.31 0.01
   29 T     0  -1   0  -1  -1  -1  -1   3  -2  -2  -2  -1  -1  -3  -1   2   3  -3  -2  -1    0   0   0   0   0   0   0  27   0   0   0   0   0   0   0  24  49   0   0   0  0.37 0.01
   30 K     2   2  -1  -1  -2   1   0  -1  -1  -3  -2   4  -1  -3  -1   0  -1  -3  -2  -2   27   0   0   0   0   0   0   0   0   0   0  73   0   0   0   0   0   0   0   0  0.37 0.01
   31 R    -1   5   0  -2  -4   1   0  -2   0  -3  -3   3  -2  -3  -2  -1  -1  -3  -2  -3    0  73   0   0   0   0   0   0   0   0   0  27   0   0   0   0   0   0   0   0  0.66 0.01
   32 A     2  -1   0   1  -2   1   4  -1  -1  -3  -3   0  -2  -3  -1   2   0  -3  -2  -2   22   0   0   0   0   0  54   0   0   0   0   0   0   0   0  24   0   0   0   0  0.40 0.01
   33 A     4  -2  -2  -2  -1  -1  -1   0  -2  -2  -2  -1  -1  -3  -1   1   0  -3  -2   0  100   0   0   0   0   0   0   0   0   0   0   0   0   0   0   0   0   0   0   0  0.44 0.01
   34 V     0  -3  -3  -4  -1  -2  -3  -4  -3   3   1  -3   1  -1  -3  -2   0  -3  -1   4    0   0   0   0   0   0   0   0   0   0   0   0   0   0   0   0   0   0   0 100  0.38 0.01
   35 D    -2  -1   5   5  -3   0   1  -1   0  -4  -4  -1  -3  -4  -2   0  -1  -4  -3  -3    0   0  54  46   0   0   0   0   0   0   0   0   0   0   0   0   0   0   0   0  0.69 0.01
   36 L    -2  -2  -4  -4  -1  -2  -3  -4  -3   2   4  -3   2   0  -3  -3  -1  -2  -1   1    0   0   0   0   0   0   0   0   0   0 100   0   0   0   0   0   0   0   0   0  0.49 0.01
   37 A     4  -2  -2  -2  -1  -1  -1   0  -2  -2  -2  -1  -1  -3  -1   1   0  -3  -2   0  100   0   0   0   0   0   0   0   0   0   0   0   0   0   0   0   0   0   0   0  0.44 0.01
   38 L    -1  -2  -3  -4  -1  -2  -3  -4  -3   2   4  -2   4   0  -3  -2  -1  -2  -1   1    0   0   0   0   0   0   0   0   0   0  73   0  27   0   0   0   0   0   0   0  0.41 0.01
   39 R    -2   6  -1  -2  -4   1   0  -3   0  -3  -2   2  -2  -3  -2  -1  -1  -3  -2  -3    0 100   0   0   0   0   0   0   0   0   0   0   0   0   0   0   0   0   0   0  0.80 0.02
   40 R    -1   5   0  -2  -2   0   0  -2  -1  -2  -2   1  -1  -3  -2   0   3  -3  -2  -2    0  63   0   0   0   0   0   0   0   0   0   0   0   0   0   0  37   0   0   0  0.45 0.01
   41 L    -2  -2  -4  -4  -1  -2  -3  -4  -3   2   4  -3   2   0  -3  -3  -1  -2  -1   1    0   0   0   0   0   0   0   0   0   0 100   0   0   0   0   0   0   0   0   0  0.47 0.01
   42 V    -1  -3  -3  -4  -1  -2  -3  -4  -3   2   3  -3   1   0  -3  -2   0  -3  -1   3    0   0   0   0   0   0   0   0   0   0  37   0   0   0   0   0   0   0   0  63  0.32 0.00
   43 G     0  -3  -1  -1  -3  -2  -2   6  -2  -4  -4  -2  -3  -3  -2   0  -2  -3  -3  -3    0   0   0   0   0   0   0 100   0   0   0   0   0   0   0   0   0   0   0   0  1.06 0.01
   44 S     0   0   0   1  -3   1   4  -2   0  -3  -3   1  -2  -3  -1   2   0  -3  -2  -2    0   0   0   0   0   0  69   0   0   0   0   0   0   0   0  31   0   0   0   0  0.52 0.01
   45 P     2  -2  -2  -2  -2  -1  -1  -1  -2  -2  -3  -1  -2  -3   7   0  -1  -4  -3  -2   37   0   0   0   0   0   0   0   0   0   0   0   0   0  63   0   0   0   0   0  1.15 0.01
   46 L    -2  -2  -1   3  -2  -1  -1  -3  -2   1   3  -2   1  -1  -3  -2  -1  -3  -2   0    0   0   0  37   0   0   0   0   0   0  63   0   0   0   0   0   0   0   0   0  0.27 0.00
   47 S     0  -1   0  -1  -1  -1  -1   3  -2  -2  -2  -1  -2  -3  -1   2   3  -3  -2  -1    0   0   0   0   0   0   0  32   0   0   0   0   0   0   0  31  37   0   0   0  0.38 0.00
   48 R     2   5  -1  -2  -2   0   0  -1  -1  -3  -2   1  -1  -3  -2   0  -1  -3  -2  -2   37  63   0   0   0   0   0   0   0   0   0   0   0   0   0   0   0   0   0   0  0.42 0.01
   49 E    -1  -1   0   4  -4   1   5  -2   0  -4  -3   0  -3  -4  -1   0  -1  -4  -3  -3    0   0   0  32   0   0  68   0   0   0   0   0   0   0   0   0   0   0   0   0  0.68 0.01
   50 F    -2  -1  -1   0  -3   0   3  -3   5  -2  -2  -1  -1   3  -2  -1  -2  -1   2  -2    0   0   0   0   0   0  32   0  37   0   0   0   0  31   0   0   0   0   0   0  0.37 0.01
   51 L     3  -2  -3  -3  -1  -2  -2  -1  -2   0   3  -2   1  -1  -2   0  -1  -2  -2   0   50   0   0   0   0   0   0   0   0   0  50   0   0   0   0   0   0   0   0   0  0.20 0.00
   52 L    -2  -2  -4  -4  -1  -2  -3  -4  -3   2   4  -3   2   0  -3  -3  -1  -2  -1   1    0   0   0   0   0   0   0   0   0   0 100   0   0   0   0   0   0   0   0   0  0.46 0.00
   53 G     3  -2  -1  -2  -1  -1  -2   4  -2  -3  -3  -1  -2  -3  -2   1  -1  -3  -3  -1   50   0   0   0   0   0   0  50   0   0   0   0   0   0   0   0   0   0   0   0  0.52 0.00
   54 L    -2  -2  -4  -4  -1  -2  -3  -4  -3   2   4  -3   2   0  -3  -3  -1  -2  -1   1    0   0   0   0   0   0   0   0   0   0 100   0   0   0   0   0   0   0   0   0  0.46 0.00
   55 E    -1   1   0   1  -4   4   4  -2   0  -3  -3   1  -1  -3  -1   0  -1  -3  -2  -3    0   0   0   0   0  50  50   0   0   0   0   0   0   0   0   0   0   0   0   0  0.60 0.00
   56 G     0  -3   0  -1  -3  -2  -2   6  -2  -4  -4  -2  -3  -3  -2   0  -2  -3  -3  -3    0   0   0   0   0   0   0 100   0   0   0   0   0   0   0   0   0   0   0   0  1.04 0.00
   57 V     1  -2  -1  -1  -1  -1  -1  -2  -2   1   0  -1   0  -2  -2   3   1  -3  -2   2    0   0   0   0   0   0   0   0   0   0   0   0   0   0   0  50   0   0   0  50  0.18 0.00
   58 G     0  -3   0  -1  -3  -2  -2   6  -2  -4  -4  -2  -3  -3  -2   0  -2  -3  -3  -3    0   0   0   0   0   0   0 100   0   0   0   0   0   0   0   0   0   0   0   0  1.04 0.00
   59 W    -3  -3  -4  -4  -3  -3  -3  -3  -2  -1   0  -3  -1   5  -4  -3  -3   9   3  -2    0   0   0   0   0   0   0   0   0   0   0   0   0  50   0   0   0  50   0   0  1.23 0.00
   60 E    -1  -1   1   5  -4   1   4  -2  -1  -3  -4   0  -3  -4  -1   0  -1  -4  -3  -3    0   0   0  50   0   0  50   0   0   0   0   0   0   0   0   0   0   0   0   0  0.69 0.00
   61 G    -1  -3  -2  -2  -3  -3  -3   4  -2  -2  -1  -2  -1   5  -3  -1  -2   0   1  -2    0   0   0   0   0   0   0  50   0   0   0   0   0  50   0   0   0   0   0   0  0.49 0.00
   62 D     0  -1   1   5  -2   0   1  -1  -1  -3  -3   0  -2  -3  -1   3   0  -4  -3  -3    0   0   0  50   0   0   0   0   0   0   0   0   0   0   0  50   0   0   0   0  0.49 0.00
   63 L    -2  -1   4   0  -2  -1  -1  -2  -1   0   2  -1   1  -1  -3  -1  -1  -3  -2  -1    0   0  50   0   0   0   0   0   0   0  50   0   0   0   0   0   0   0   0   0  0.24 0.00
   64 D    -2  -2   1   6  -4   0   2  -1  -1  -3  -4  -1  -3  -4  -2   0  -1  -5  -3  -3    0   0   0 100   0   0   0   0   0   0   0   0   0   0   0   0   0   0   0   0  0.93 0.00
   65 D    -1  -1   1   5  -4   1   4  -2  -1  -3  -4   0  -3  -4  -1   0  -1  -4  -3  -3    0   0   0  50   0   0  50   0   0   0   0   0   0   0   0   0   0   0   0   0  0.69 0.00
   66 L    -2  -3  -4  -4  -1  -3  -3  -4  -3   3   3  -3   2   0  -3  -3  -1  -2  -1   2    0   0   0   0   0   0   0   0   0  50  50   0   0   0   0   0   0   0   0   0  0.37 0.00
   67 R    -1   4   0   0  -4   2   4  -2   0  -3  -3   2  -2  -3  -2   0  -1  -3  -2  -3    0  50   0   0   0   0  50   0   0   0   0   0   0   0   0   0   0   0   0   0  0.55 0.00
   68 S     1  -1   1   0  -1   0   0   0  -1  -3  -3   0  -2  -3  -1   4   1  -3  -2  -2    0   0   0   0   0   0   0   0   0   0   0   0   0   0   0 100   0   0   0   0  0.46 0.00
   69 D    -2  -2   1   6  -3   0   2  -1  -1  -3  -4  -1  -3  -4  -1   0  -1  -4  -3  -3    0   0   0   0   0   0   0   0   0   0   0   0   0   0   0   0   0   0   0   0  0.00     0.00
   70 R    -1   5   0  -2  -3   1   0  -2   0  -3  -2   2  -1  -3  -2  -1  -1  -3  -2  -3    0   0   0   0   0   0   0   0   0   0   0   0   0   0   0   0   0   0   0   0  0.00     0.00
   71 P    -1  -2  -2  -1  -3  -1  -1  -2  -2  -3  -3  -1  -2  -4   7  -1  -1  -4  -3  -2    0   0   0   0   0   0   0   0   0   0   0   0   0   0   0   0   0   0   0   0  0.00     0.00
   72 D    -2  -2   1   6  -3   0   2  -1  -1  -3  -4  -1  -3  -4  -1   0  -1  -4  -3  -3    0   0   0   0   0   0   0   0   0   0   0   0   0   0   0   0   0   0   0   0  0.00     0.00

                      K         Lambda
Standard Ungapped    0.1412     0.3234
Standard Gapped      0.0410     0.2670
PSI Ungapped         0.1412     0.3234
PSI Gapped           0.0410     0.2670
