
Last position-specific scoring matrix computed, weighted observed percentages rounded down, information per position, and relative weight of gapless real matches to pseudocounts
           A  R  N  D  C  Q  E  G  H  I  L  K  M  F  P  S  T  W  Y  V   A   R   N   D   C   Q   E   G   H   I   L   K   M   F   P   S   T   W   Y   V
    1 A    4 -1 -2 -2  0 -1 -1  0 -2 -1 -1 -1 -1 -2 -1  1  0 -3 -2  0  100   0   0   0   0   0   0   0   0   0   0   0   0   0   0   0   0   0   0   0  0.41 0.00
    2 A    3 -1 -1 -1 -1 -1 -1  0 -1 -2 -2 -1 -1 -2 -1  2  1 -3 -2 -1   65   0   0   0   0   0   0   0   0   0   0   0   0   0   0  35   0   0   0   0  0.36 0.01
    3 P    1 -2 -2 -2 -2 -1 -1 -1 -2 -2 -3 -1 -2 -3  7  0 -1 -3 -3 -2   26   0   0   0   0   0   0   0   0   0   0   0   0   0  74   0   0   0   0   0  1.40 0.02
    4 T    3 -2 -1 -2 -1 -1 -1  3 -2 -2 -2 -1 -1 -2 -1  1  2 -3 -2 -1   50   0   0   0   0   0   0  26   0   0   0   0   0   0   0   0  24   0   0   0  0.34 0.01
    5 A    1 -2 -3 -3 -1 -2 -2 -2 -2  1  0 -2  0  3 -2 -1  0 -1  0  3   24   0   0   0   0   0   0   0   0   0   0   0   0  24   0   0   0   0   0  53  0.20 0.01
    6 T    1 -1  0 -1 -1  0 -1 -1 -1 -2 -2 -1 -1 -2 -1  3  4 -3 -2 -1    0   0   0   0   0   0   0   0   0   0   0   0   0   0   0  50  50   0   0   0  0.42 0.02
    7 V    0 -3 -3 -3 -1 -2 -3 -3 -3  2  1 -2  1 -1 -2 -2  0 -3 -1  4    0   0   0   0   0   0   0   0   0   0   0   0   0   0   0   0   0   0   0 100  0.40 0.02
    8 T    1 -1  0 -1 -1  0 -1 -1 -1 -2 -2 -1 -1 -2 -1  3  4 -3 -2 -1    0   0   0   0   0   0   0   0   0   0   0   0   0   0   0  50  50   0   0   0  0.42 0.02
    9 P   -1 -2 -2 -2 -3 -1 -1 -2 -2 -3 -3 -1 -3 -4  8 -1 -1 -4 -3 -3    0   0   0   0   0   0   0   0   0   0   0   0   0   0 100   0   0   0   0   0  2.10 0.03
   10 S    4 -1 -1 -1 -1 -1 -1  0 -2 -2 -2 -1 -1 -2 -1  2  0 -3 -2 -1   76   0   0   0   0   0   0   0   0   0   0   0   0   0   0  24   0   0   0   0  0.39 0.02
   11 S    0 -1  0 -1 -1  0 -1 -1 -1 -1 -2 -1 -1 -2 -1  3  4 -3 -2 -1    0   0   0   0   0   0   0   0   0   0   0   0   0   0   0  47  53   0   0   0  0.42 0.02
   12 G    0 -2 -1 -1 -3 -2 -2  6 -2 -4 -4 -2 -3 -3 -2  0 -2 -3 -3 -3    0   0   0   0   0   0   0 100   0   0   0   0   0   0   0   0   0   0   0   0  1.10 0.02
   13 L   -2 -2 -4 -4 -1 -2 -3 -4 -3  1  4 -3  2  0 -3 -3 -1 -2 -1  1    0   0   0   0   0   0   0   0   0   0 100   0   0   0   0   0   0   0   0   0  0.50 0.02
   14 S    2 -1  0 -1 -1  0  0  0 -1 -2 -2  0 -1 -2 -1  4  1 -3 -2 -1   26   0   0   0   0   0   0   0   0   0   0   0   0   0   0  74   0   0   0   0  0.41 0.02
   15 D   -2 -1  3  5 -3  0  1 -1 -1 -3 -4 -1 -3 -3 -2  0 -1 -4 -3 -3    0   0  26  74   0   0   0   0   0   0   0   0   0   0   0   0   0   0   0   0  0.80 0.02
   16 G    0 -2 -1 -1 -3 -2 -2  6 -2 -4 -4 -2 -3 -3 -2  0 -2 -3 -3 -3    0   0   0   0   0   0   0 100   0   0   0   0   0   0   0   0   0   0   0   0  1.10 0.02
   17 T    2  0  0 -1 -2  4  1 -1  0 -2 -2  0 -1 -3 -1  1  2 -2 -2 -1   26   0   0   0   0  50   0   0   0   0   0   0   0   0   0   0  24   0   0   0  0.34 0.02
   18 V    0 -1  0 -1 -1 -1 -1 -2 -2  0 -1 -1 -1 -2 -1  2  3 -3 -2  1    0   0   0   0   0   0   0   0   0   0   0   0   0   0   0  24  53   0   0  24  0.29 0.01
   19 V    0 -3 -3 -3 -1 -2 -3 -3 -3  2  1 -2  1 -1 -2 -2  0 -3 -1  4    0   0   0   0   0   0   0   0   0   0   0   0   0   0   0   0   0   0   0 100  0.40 0.02
   20 K    0  0  0 -1 -1  0  0 -1 -1 -2 -2  2 -1 -2 -1  2  3 -3 -2 -1    0   0   0   0   0   0   0   0   0   0   0  24   0   0   0  24  53   0   0   0  0.33 0.01
   21 V    0 -3 -3 -3 -1 -2 -3 -3 -3  2  1 -2  1 -1 -2 -2  0 -3 -1  4    0   0   0   0   0   0   0   0   0   0   0   0   0   0   0   0   0   0   0 100  0.40 0.02
   22 A    2 -1  0 -1 -1  0  0  0 -1 -2 -2  0 -1 -2 -1  4  1 -3 -2 -1   24   0   0   0   0   0   0   0   0   0   0   0   0   0   0  76   0   0   0   0  0.42 0.02
   23 G    3 -2 -2 -2 -1 -1 -2  2 -2  0 -1 -1 -1 -2 -1  0  0 -3 -2  1   53   0   0   0   0   0   0  24   0   0   0   0   0   0   0   0   0   0   0  24  0.27 0.01
   24 A    2 -1  0 -1 -1  0 -1 -1 -1 -2 -2 -1 -1 -2 -1  3  2 -3 -2 -1   24   0   0   0   0   0   0   0   0   0   0   0   0   0   0  50  26   0   0   0  0.35 0.01
   25 G    0 -2 -1 -1 -3 -2 -2  6 -2 -4 -4 -2 -3 -3 -2  0 -2 -3 -3 -3    0   0   0   0   0   0   0 100   0   0   0   0   0   0   0   0   0   0   0   0  1.10 0.02
   26 L    1 -2 -3 -3 -1 -2 -2 -2 -2  1  3 -2  1  3 -2 -1 -1 -1  0  0   24   0   0   0   0   0   0   0   0   0  50   0   0  26   0   0   0   0   0   0  0.24 0.01
   27 Q    3 -1 -1 -1 -1  2  0 -1 -1 -1 -2  0 -1 -2 -1  1  2 -2 -2 -1   50   0   0   0   0  24   0   0   0   0   0   0   0   0   0   0  26   0   0   0  0.28 0.01
   28 A    3 -2 -1 -2 -1 -1 -1 -1 -2 -2 -2 -1 -1 -3  4  1  2 -3 -2 -1   47   0   0   0   0   0   0   0   0   0   0   0   0   0  26   0  26   0   0   0  0.49 0.01
   29 G    0 -2  0 -1 -2 -1 -2  5 -2 -3 -3 -1 -2 -3 -2  2 -1 -3 -3 -3    0   0   0   0   0   0   0  74   0   0   0   0   0   0   0  26   0   0   0   0  0.75 0.02
   30 T    0 -1  0  0 -1  0  2 -2 -1 -1 -2  0 -1 -2 -1  1  4 -3 -2 -1    0   0   0   0   0   0  24   0   0   0   0   0   0   0   0   0  76   0   0   0  0.42 0.02
   31 A    2 -1 -1 -1 -1 -1 -1 -1 -2  0 -1 -1 -1 -2 -1  2  2 -3 -2  1   24   0   0   0   0   0   0   0   0   0   0   0   0   0   0  26  24   0   0  26  0.20 0.01
   32 Y    1 -2 -2 -3 -2 -1 -2 -2  1 -1 -1 -2 -1  2 -2 -1 -1  1  6 -1   26   0   0   0   0   0   0   0   0   0   0   0   0   0   0   0   0   0  74   0  0.60 0.02
   33 D   -1 -1  0  2 -2  0  0 -2  4 -2 -2 -1 -1  0 -2  0  2 -1  3 -2    0   0   0  24   0   0   0   0  26   0   0   0   0   0   0   0  26   0  24   0  0.33 0.01
   34 V    1 -2 -3 -3 -1 -2 -2 -2 -3  3  1 -2  0 -1 -2 -1  0 -3 -1  3   26   0   0   0   0   0   0   0   0  24   0   0   0   0   0   0   0   0   0  50  0.24 0.01
   35 G    1 -2 -1 -2 -2 -2 -2  4 -2 -1  1 -2  0 -2 -2  0 -1 -2 -2 -1   24   0   0   0   0   0   0  50   0   0  26   0   0   0   0   0   0   0   0   0  0.37 0.01
   36 Q   -1  1  0  0 -3  6  2 -2  0 -3 -2  1 -1 -3 -1  0 -1 -2 -2 -2    0   0   0   0   0 100   0   0   0   0   0   0   0   0   0   0   0   0   0   0  0.75 0.03
   37 C   -1 -4 -3 -4  9 -3 -4 -3 -3 -1 -1 -3 -2 -3 -3 -1 -1 -3 -3 -1    0   0   0   0 100   0   0   0   0   0   0   0   0   0   0   0   0   0   0   0  1.38 0.04
   38 A    4 -2 -2 -2 -1 -1 -1  0 -2 -1 -2 -1 -1 -2 -1  1  0 -3 -2  0  100   0   0   0   0   0   0   0   0   0   0   0   0   0   0   0   0   0   0   0  0.45 0.02
   39 W   -1 -3 -3 -3 -2 -2 -2 -3 -3  2  0 -2  0 -1  4 -2 -1  7  0  2    0   0   0   0   0   0   0   0   0  26   0   0   0   0  24   0   0  24   0  26  0.59 0.01
   40 V   -1 -3 -3 -3 -1 -2 -3 -3 -3  2  2 -2  1 -1 -3 -2  0 -3 -1  3    0   0   0   0   0   0   0   0   0   0  26   0   0   0   0   0   0   0   0  74  0.34 0.01
   41 D    1 -1  0  3 -2  0  2  2 -1 -3 -3  0 -2 -3 -1  0 -1 -3 -2 -2   26   0   0  24   0   0  26  24   0   0   0   0   0   0   0   0   0   0   0   0  0.36 0.01
   42 T   -1 -1  0  3 -2 -1  0 -1 -1 -2 -2 -1 -1 -2  4  0  2 -2 -2 -1    2   1   1  28   0   1   2   2   1   1   2   1   1   1  27   2  25   0   1   2  0.45 0.01
   43 G    0 -2 -1 -1 -3 -2 -2  6 -2 -4 -4 -2 -3 -3 -2  0 -2 -3 -3 -3    0   0   0   0   0   0   0 100   0   0   0   0   0   0   0   0   0   0   0   0  1.10 0.02
   44 V   -1  2 -1 -2 -2  2  0 -3 -1  1  0  0  0 -2 -2 -1 -1 -3 -1  2    0  26   0   0   0  24   0   0   0   0   0   0   0   0   0   0   0   0   0  50  0.20 0.01
   45 L   -1 -2 -1  2 -2 -2 -1  2 -2  1  1 -2  0 -1 -2 -1 -1 -3 -2  0    0   0   0  24   0   0   0  26   0  26  24   0   0   0   0   0   0   0   0   0  0.17 0.01
   46 A    3 -2 -1 -2 -1 -1 -1  3 -2 -2 -2 -1 -1 -3 -1  1  0 -3 -2 -1   74   0   0   0   0   0   0  26   0   0   0   0   0   0   0   0   0   0   0   0  0.43 0.02
   47 C   -1 -4 -3 -4  9 -3 -4 -3 -3 -1 -1 -3 -2 -3 -3 -1 -1 -3 -3 -1    0   0   0   0 100   0   0   0   0   0   0   0   0   0   0   0   0   0   0   0  1.38 0.04
   48 N   -2 -1  5  3 -3  0  0 -1  0 -3 -4  0 -2 -3 -2  0  0 -4 -2 -3    0   0  74  26   0   0   0   0   0   0   0   0   0   0   0   0   0   0   0   0  0.70 0.02
   49 P    1 -2 -2 -2 -2 -1 -1 -2 -2  0 -1 -1 -1 -2  5  0 -1 -3 -2  1   26   0   0   0   0   0   0   0   0   0   0   0   0   0  47   0   0   0   0  26  0.75 0.01
   50 A    3 -1 -1 -2 -1 -1 -1  0 -2 -1 -1 -1 -1 -2 -1  1  2 -3 -2  0   74   0   0   0   0   0   0   0   0   0   0   0   0   0   0   0  26   0   0   0  0.35 0.02
   51 D   -1 -1  0  3 -2  0  2 -2 -1 -2 -2  0 -2 -3 -1  1  3 -3 -2 -1    0   0   0  24   0   0  26   0   0   0   0   0   0   0   0   0  50   0   0   0  0.39 0.01
   52 F    1 -2 -1 -2 -1 -2 -2 -1 -1 -1 -1 -2 -1  4 -2  1  0  0  1 -1   24   0   0   0   0   0   0   0   0   0   0   0   0  50   0  26   0   0   0   0  0.28 0.01
   53 S    0 -1  0 -1 -1  0 -1 -1  4 -2 -2 -1 -1 -2 -1  2  3 -3  0 -1    0   0   0   0   0   0   0   0  26   0   0   0   0   0   0  24  50   0   0   0  0.36 0.02
   54 S    0 -1  1  4 -2  0  1 -1 -1 -3 -3 -1 -2 -3 -1  3  0 -4 -2 -2    0   0   0  53   0   0   0   0   0   0   0   0   0   0   0  47   0   0   0   0  0.54 0.02
   55 V   -1 -3 -3 -3 -2 -3 -3 -3 -2  1  1 -3  0  4 -3 -2 -1  0  1  3    0   0   0   0   0   0   0   0   0   0   0   0   0  50   0   0   0   0   0  50  0.38 0.02
   56 T    0 -1  0 -1 -1 -1 -1 -1 -2 -1 -2 -1 -1 -2 -1  2  4 -3 -2  0    0   0   0   0   0   0   0   0   0   0   0   0   0   0   0  26  74   0   0   0  0.45 0.02
   57 A    3 -2 -1 -2 -1 -1 -1 -1 -2  0  1 -1  0 -1 -1  1  2 -2 -2  0   50   0   0   0   0   0   0   0   0   0  26   0   0   0   0   0  24   0   0   0  0.20 0.01
   58 D   -1 -1  1  5 -2  0  1 -1 -1 -2 -2 -1 -2 -2 -1  0 -1 -2 -2 -2    2   1   1  75   1   1   2   2   1   1   2   2   1   1   1   2   2   0   1   2  0.60 0.01
   59 A    4 -1 -1 -1 -1 -1 -1  0 -2 -2 -2 -1 -1 -2 -1  2  0 -3 -2 -1   74   0   0   0   0   0   0   0   0   0   0   0   0   0   0  26   0   0   0   0  0.38 0.02
   60 N    2 -1  3  0 -1 -1 -1  3 -1 -3 -3 -1 -2 -3 -1  2  0 -3 -2 -2   26   0  24   0   0   0   0  26   0   0   0   0   0   0   0  24   0   0   0   0  0.35 0.01
   61 G    0 -2 -1 -1 -3 -2 -2  6 -2 -4 -4 -2 -3 -3 -2  0 -2 -3 -3 -3    0   0   0   0   0   0   0 100   0   0   0   0   0   0   0   0   0   0   0   0  1.10 0.02
   62 S    2  0  0  0 -2  1  2 -1 -1 -2 -2  2 -1 -3 -1  2  0 -3 -2 -2   24   0   0   0   0   0  26   0   0   0   0  26   0   0   0  24   0   0   0   0  0.29 0.01
   63 A    3 -2 -2 -2 -1 -2 -2  3 -2  1 -1 -1 -1 -2 -2  0 -1 -3 -2  0   47   0   0   0   0   0   0  26   0  26   0   0   0   0   0   0   0   0   0   0  0.24 0.01
   64 S    0 -1  0 -1 -1  0 -1 -1 -1 -1 -2 -1 -1 -2 -1  3  4 -3 -2 -1    0   0   0   0   0   0   0   0   0   0   0   0   0   0   0  47  53   0   0   0  0.42 0.02
   65 T    1 -2 -1 -2 -1 -1 -1 -1 -2 -1 -1 -1 -1  3 -2  1  3 -1  0  0   26   0   0   0   0   0   0   0   0   0   0   0   0  24   0   0  50   0   0   0  0.24 0.01
   66 S    1  0  0  0 -1  3  0 -1 -1 -3 -2  0 -1 -3 -1  3  1 -3 -2 -2    0   0   0   0   0  26   0   0   0   0   0   0   0   0   0  74   0   0   0   0  0.42 0.02
   67 L   -1 -2 -3 -4 -1 -2 -3 -3 -2  2  3 -3  1  3 -3 -2 -1 -1  0  2    0   0   0   0   0   0   0   0   0   0  50   0   0  24   0   0   0   0   0  26  0.32 0.01
   68 T    0  0 -1 -2 -1 -1 -1 -2 -2  1  0  2  0 -2 -2  0  2 -3 -2  2    0   0   0   0   0   0   0   0   0   0   0  26   0   0   0   0  24   0   0  50  0.16 0.01
   69 V    0 -3 -3 -3 -1 -2 -3 -3 -3  2  1 -2  1 -1 -2 -2  0 -3 -1  4    0   0   0   0   0   0   0   0   0   0   0   0   0   0   0   0   0   0   0 100  0.40 0.02
   70 R   -2  5  0 -2 -3  1  0 -2  4 -3 -2  2 -2 -2 -2 -1 -1 -3  0 -3    0  74   0   0   0   0   0   0  26   0   0   0   0   0   0   0   0   0   0   0  0.65 0.02
   71 R    0  4  0 -1 -3  1  0 -2 -1 -3 -2  3 -1 -3 -2  1  0 -3 -2 -2    0  50   0   0   0   0   0   0   0   0   0  24   0   0   0  26   0   0   0   0  0.45 0.01
   72 S    1 -1  0  0 -1  0  0  0 -1 -2 -3  0 -2 -3 -1  4  1 -3 -2 -2    0   0   0   0   0   0   0   0   0   0   0   0   0   0   0 100   0   0   0   0  0.51 0.02
   73 F   -2 -3 -3 -4 -3 -3 -3 -3  0 -1  0 -3  0  6 -4 -2 -2  1  4 -1    0   0   0   0   0   0   0   0   0   0   0   0   0  76   0   0   0   0  24   0  0.75 0.02
   74 E    0  0  0  0 -2  3  2 -2 -1 -2 -2  0 -1 -3 -1  1  3 -2 -2 -1    0   0   0   0   0  26  24   0   0   0   0   0   0   0   0   0  50   0   0   0  0.37 0.01
   75 G    2 -2 -1 -2 -2 -2 -2  5 -2 -3 -3 -1 -2 -3 -2  0 -1 -3 -3 -2   26   0   0   0   0   0   0  74   0   0   0   0   0   0   0   0   0   0   0   0  0.75 0.02
   76 F   -1 -2 -2 -2 -2 -2 -2 -2  0  0  0 -2  0  3 -2  1  0  0  4  1    0   0   0   0   0   0   0   0   0   0   0   0   0  24   0  24   0   0  26  26  0.24 0.01
   77 L    0 -2 -2 -3 -1 -2 -2 -3 -3  2  2 -2  1 -1 -2 -1  2 -2 -1  3    0   0   0   0   0   0   0   0   0   0  24   0   0   0   0   0  24   0   0  53  0.24 0.01
   78 F    1 -2 -2 -2 -2 -1 -2 -2 -2  0  0 -1  3  3  4 -1 -1 -1  0  0   26   0   0   0   0   0   0   0   0   0   0   0  26  24  24   0   0   0   0   0  0.33 0.01
   79 D   -2 -1  3  4 -3  0  3 -1  0 -3 -3  0 -3 -3 -2  0 -1 -4 -3 -3    0   0  26  50   0   0  24   0   0   0   0   0   0   0   0   0   0   0   0   0  0.64 0.01
   80 G    0 -2 -1 -1 -3 -2 -2  6 -2 -4 -4 -2 -3 -3 -2  0 -2 -3 -3 -3    0   0   0   0   0   0   0 100   0   0   0   0   0   0   0   0   0   0   0   0  1.10 0.02
   81 T    0 -1 -1 -1 -1 -1 -1 -2 -2 -1 -2 -1 -1 -3  4  1  4 -3 -2 -1    0   0   0   0   0   0   0   0   0   0   0   0   0   0  26   0  74   0   0   0  0.61 0.02
   82 R   -1  2 -1  0 -3  0  2 -2 -1 -3 -3  0 -2 -3  6 -1 -1 -3 -2 -3    0  24   0   0   0   0  26   0   0   0   0   0   0   0  50   0   0   0   0   0  0.94 0.02
   83 W   -1 -3 -3 -4 -2 -2 -3 -3 -3  1  0 -3  0  0 -3 -2 -1  9  1  2    0   0   0   0   0   0   0   0   0   0   0   0   0   0   0   0   0  50   0  50  1.01 0.02
   84 G    0 -2 -1 -1 -3 -2 -2  6 -2 -4 -4 -2 -3 -3 -2  0 -2 -3 -3 -3    0   0   0   0   0   0   0 100   0   0   0   0   0   0   0   0   0   0   0   0  1.10 0.02
   85 T    2 -1  0 -1 -1 -1 -1 -1 -2 -1 -2 -1 -1 -2 -1  2  3 -3 -2  0   26   0   0   0   0   0   0   0   0   0   0   0   0   0   0  24  50   0   0   0  0.34 0.01
   86 V    0 -3 -3 -3 -1 -2 -3 -3 -3  2  1 -2  1 -1 -2 -2  0 -3 -1  4    0   0   0   0   0   0   0   0   0   0   0   0   0   0   0   0   0   0   0 100  0.40 0.02
   87 D   -2 -1  3  5 -3  0  1 -1 -1 -3 -4 -1 -3 -3 -2  0 -1 -4 -3 -3    0   0  26  74   0   0   0   0   0   0   0   0   0   0   0   0   0   0   0   0  0.80 0.02
   88 C   -1 -4 -3 -4  9 -3 -4 -3 -3 -1 -1 -3 -2 -3 -3 -1 -1 -3 -3 -1    0   0   0   0 100   0   0   0   0   0   0   0   0   0   0   0   0   0   0   0  1.38 0.04
   89 T    1  0  0  3 -2  0  0 -1 -1 -2 -2  2 -1 -3 -1  1  2 -3 -2 -1   24   0   0  26   0   0   0   0   0   0   0  26   0   0   0   0  24   0   0   0  0.25 0.01
   90 T    0 -2 -1 -2 -1 -1 -1 -2 -2  0 -1 -1  0 -2 -1  1  4 -3 -2  2    0   0   0   0   0   0   0   0   0   0   0   0   0   0   0   0  74   0   0  26  0.36 0.02
   91 A    3 -2 -2 -2 -1 -1 -1  0 -2  0 -1 -1  0 -2 -1  1  0 -3 -2  2   74   0   0   0   0   0   0   0   0   0   0   0   0   0   0   0   0   0   0  26  0.29 0.02
   92 A    3 -1 -1 -1 -1 -1 -1  3 -2 -2 -2 -1 -2 -3 -1  2  0 -3 -2 -1   47   0   0   0   0   0   0  26   0   0   0   0   0   0   0  26   0   0   0   0  0.38 0.01
   93 C   -1 -4 -3 -4  9 -3 -4 -3 -3 -1 -1 -3 -2 -3 -3 -1 -1 -3 -3 -1    0   0   0   0 100   0   0   0   0   0   0   0   0   0   0   0   0   0   0   0  1.38 0.04
   94 Q    0  0  3  1 -2  3  3 -1  0 -3 -3  0 -2 -3 -1  2  0 -3 -2 -2    0   0  24   0   0  24  26   0   0   0   0   0   0   0   0  26   0   0   0   0  0.40 0.01
   95 V    1 -2 -3 -3 -1 -2 -2 -2 -3  2  2 -2  1 -1 -2 -1  0 -2 -1  2   26   0   0   0   0   0   0   0   0  26  24   0   0   0   0   0   0   0   0  24  0.20 0.01
   96 G    0 -2  0 -1 -3 -2 -2  6 -2 -4 -4 -2 -3 -3 -2  0 -2 -3 -3 -3    0   0   0   0   0   0   0 100   0   0   0   0   0   0   0   0   0   0   0   0  1.07 0.01
   97 L   -1 -2 -3 -4 -1 -2 -3 -4 -3  2  4 -2  2  0 -3 -2 -1 -2 -1  1    0   0   0   0   0   0   0   0   0   0 100   0   0   0   0   0   0   0   0   0  0.46 0.00
   98 S    1 -1  0 -1 -2 -1 -1  4 -1 -3 -3 -1 -2 -3 -1  3  0 -3 -2 -2    0   0   0   0   0   0   0  50   0   0   0   0   0   0   0  50   0   0   0   0  0.53 0.00
   99 D    0 -1  1  4 -2  0  1 -1 -1 -3 -3  0 -2 -3 -1  3  0 -3 -2 -2    0   0   0  50   0   0   0   0   0   0   0   0   0   0   0  50   0   0   0   0  0.49 0.00
  100 A    2 -2  0  4 -2 -1  1  0 -1 -2 -2 -1 -2 -3 -1  1 -1 -3 -2 -1   50   0   0  50   0   0   0   0   0   0   0   0   0   0   0   0   0   0   0   0  0.41 0.00
  101 A    3 -1  0 -1 -1  0  0  0 -1 -2 -2  0 -1 -2 -1  3  1 -3 -2 -1   50   0   0   0   0   0   0   0   0   0   0   0   0   0   0  50   0   0   0   0  0.35 0.00
  102 G    0 -2  0 -1 -3 -2 -2  6 -2 -4 -4 -2 -3 -3 -2  0 -2 -3 -3 -3    0   0   0   0   0   0   0 100   0   0   0   0   0   0   0   0   0   0   0   0  1.04 0.00
  103 N   -1  0  4  1 -3  1  3 -1  0 -3 -3  0 -2 -3 -2  0  0 -3 -2 -3    0   0  50   0   0   0  50   0   0   0   0   0   0   0   0   0   0   0   0   0  0.54 0.00
  104 G    0 -2  0 -1 -3 -2 -2  6 -2 -4 -4 -2 -3 -3 -2  0 -2 -3 -3 -3    0   0   0   0   0   0   0 100   0   0   0   0   0   0   0   0   0   0   0   0  1.04 0.00
  105 P    0 -1 -1 -1 -1  0  0 -1 -1 -1 -1  0 -1 -1  6  0  0 -1 -1 -1    4   3   2   3   1   2   3   4   1   3   5   3   1   2  53   4   3   1   2   3  0.76 0.00
  106 E    2 -1 -1  0 -2  1  3 -1 -1 -2 -2  0 -1 -3 -1  1  0 -3 -2 -1   50   0   0   0   0   0  50   0   0   0   0   0   0   0   0   0   0   0   0   0  0.36 0.00
  107 G    3 -2 -1 -2 -1 -1 -1  4 -2 -2 -2 -1 -2 -3 -1  0 -1 -3 -2 -1   50   0   0   0   0   0   0  50   0   0   0   0   0   0   0   0   0   0   0   0  0.52 0.00
  108 V    0  0 -1 -1 -2  4  0 -2 -1  1  0  0  0 -2 -2 -1  0 -2 -1  2    0   0   0   0   0  50   0   0   0   0   0   0   0   0   0   0   0   0   0  50  0.23 0.00
  109 A    4 -1 -2 -2  0 -1 -1  0 -2 -1 -1 -1 -1 -2 -1  1  0 -3 -2  0  100   0   0   0   0   0   0   0   0   0   0   0   0   0   0   0   0   0   0   0  0.41 0.00
  110 I   -1 -3 -3 -3 -1 -3 -3 -4 -3  4  2 -3  1  0 -3 -2 -1 -3 -1  3    0   0   0   0   0   0   0   0   0 100   0   0   0   0   0   0   0   0   0   0  0.39 0.00
  111 S    1 -1  0 -1 -1  0  0 -1 -1 -1 -2  0 -1 -2 -1  3  3 -3 -2 -1    0   0   0   0   0   0   0   0   0   0   0   0   0   0   0  50  50   0   0   0  0.39 0.00
  112 F   -2 -3 -3 -4 -2 -3 -3 -3 -1  0  0 -3  0  6 -4 -2 -2  1  3 -1    0   0   0   0   0   0   0   0   0   0   0   0   0 100   0   0   0   0   0   0  0.74 0.00
  113 N   -1  0  5  1 -2  0  0  0  1 -3 -3  0 -2 -3 -2  1  0 -3 -2 -3    0   0   0   0   0   0   0   0   0   0   0   0   0   0   0   0   0   0   0   0  0.00     0.00

                      K         Lambda
Standard Ungapped    0.1280     0.3138
Standard Gapped      0.0410     0.2670
PSI Ungapped         0.1280     0.3138
PSI Gapped           0.0410     0.2670
