
Last position-specific scoring matrix computed, weighted observed percentages rounded down, information per position, and relative weight of gapless real matches to pseudocounts
            A   R   N   D   C   Q   E   G   H   I   L   K   M   F   P   S   T   W   Y   V   A   R   N   D   C   Q   E   G   H   I   L   K   M   F   P   S   T   W   Y   V
    1 M    -1  -1  -2  -3  -2   0  -2  -3  -2   1   2  -1   6   0  -3  -2  -1  -2  -1   1    0   0   0   0   0   0   0   0   0   0   0   0 100   0   0   0   0   0   0   0  0.33 0.00
    2 N    -2   0   6   1  -3   0   0   0   1  -3  -4   0  -2  -3  -2   1   0  -4  -2  -3    0   0 100   0   0   0   0   0   0   0   0   0   0   0   0   0   0   0   0   0  0.72 0.00
    3 F    -2  -3  -3  -4  -3  -3  -3  -3  -1   0   0  -3   0   7  -4  -3  -2   1   3  -1    0   0   0   0   0   0   0   0   0   0   0   0   0 100   0   0   0   0   0   0  0.73 0.00
    4 Q    -1   1   0   0  -3   6   2  -2   0  -3  -2   1   0  -3  -1   0  -1  -2  -2  -2    0   0   0   0   0 100   0   0   0   0   0   0   0   0   0   0   0   0   0   0  0.64 0.00
    5 Q    -1   1   0   0  -3   6   2  -2   0  -3  -2   1   0  -3  -1   0  -1  -2  -2  -2    0   0   0   0   0 100   0   0   0   0   0   0   0   0   0   0   0   0   0   0  0.64 0.00
    6 R    -2   6   0  -2  -4   1   0  -3   0  -3  -2   2  -1  -3  -2  -1  -1  -3  -2  -3    0 100   0   0   0   0   0   0   0   0   0   0   0   0   0   0   0   0   0   0  0.74 0.00
    7 L    -2  -2  -4  -4  -1  -2  -3  -4  -3   2   4  -3   2   0  -3  -3  -1  -2  -1   1    0   0   0   0   0   0   0   0   0   0 100   0   0   0   0   0   0   0   0   0  0.45 0.00
    8 Q    -1   1   0   0  -3   6   2  -2   0  -3  -2   1   0  -3  -1   0  -1  -2  -2  -2    0   0   0   0   0 100   0   0   0   0   0   0   0   0   0   0   0   0   0   0  0.64 0.00
    9 S     1  -1   1   0  -1   0   0   0  -1  -3  -3   0  -2  -3  -1   4   1  -3  -2  -2    0   0   0   0   0   0   0   0   0   0   0   0   0   0   0 100   0   0   0   0  0.45 0.00
   10 L    -2  -2  -4  -4  -1  -2  -3  -4  -3   2   4  -3   2   0  -3  -3  -1  -2  -1   1    0   0   0   0   0   0   0   0   0   0 100   0   0   0   0   0   0   0   0   0  0.45 0.00
   11 W    -3  -3  -4  -5  -3  -2  -3  -3  -3  -3  -2  -3  -2   1  -4  -3  -3  11   2  -3    0   0   0   0   0   0   0   0   0   0   0   0   0   0   0   0   0 100   0   0  2.29 0.00
   12 T     0  -1   0  -1  -1  -1  -1  -2  -2  -1  -1  -1  -1  -2  -1   1   5  -3  -2   0    0   0   0   0   0   0   0   0   0   0   0   0   0   0   0   0 100   0   0   0  0.46 0.00
   13 L    -2  -2  -4  -4  -1  -2  -3  -4  -3   2   4  -3   2   0  -3  -3  -1  -2  -1   1    0   0   0   0   0   0   0   0   0   0 100   0   0   0   0   0   0   0   0   0  0.45 0.00
   14 A     4  -2  -2  -2   0  -1  -1   0  -2  -1  -2  -1  -1  -2  -1   1   0  -3  -2   0  100   0   0   0   0   0   0   0   0   0   0   0   0   0   0   0   0   0   0   0  0.40 0.00
   15 R    -2   6   0  -2  -4   1   0  -3   0  -3  -2   2  -1  -3  -2  -1  -1  -3  -2  -3    0 100   0   0   0   0   0   0   0   0   0   0   0   0   0   0   0   0   0   0  0.74 0.00
   16 P    -1  -2  -2  -2  -3  -1  -1  -2  -2  -3  -3  -1  -3  -4   8  -1  -1  -4  -3  -3    0   0   0   0   0   0   0   0   0   0   0   0   0   0 100   0   0   0   0   0  2.03 0.00
   17 F    -2  -3  -3  -4  -3  -3  -3  -3  -1   0   0  -3   0   7  -4  -3  -2   1   3  -1    0   0   0   0   0   0   0   0   0   0   0   0   0 100   0   0   0   0   0   0  0.73 0.00
   18 C     0  -4  -3  -4   9  -3  -4  -3  -3  -1  -1  -3  -2  -3  -3  -1  -1  -3  -3  -1    0   0   0   0 100   0   0   0   0   0   0   0   0   0   0   0   0   0   0   0  1.19 0.00
   19 P    -1  -2  -2  -2  -3  -1  -1  -2  -2  -3  -3  -1  -3  -4   8  -1  -1  -4  -3  -3    0   0   0   0   0   0   0   0   0   0   0   0   0   0 100   0   0   0   0   0  2.03 0.00
   20 P    -1  -2  -2  -2  -3  -1  -1  -2  -2  -3  -3  -1  -3  -4   8  -1  -1  -4  -3  -3    0   0   0   0   0   0   0   0   0   0   0   0   0   0 100   0   0   0   0   0  2.03 0.00
   21 L    -2  -2  -4  -4  -1  -2  -3  -4  -3   2   4  -3   2   0  -3  -3  -1  -2  -1   1    0   0   0   0   0   0   0   0   0   0 100   0   0   0   0   0   0   0   0   0  0.45 0.00
   22 L    -2  -2  -4  -4  -1  -2  -3  -4  -3   2   4  -3   2   0  -3  -3  -1  -2  -1   1    0   0   0   0   0   0   0   0   0   0 100   0   0   0   0   0   0   0   0   0  0.45 0.00
   23 A     4  -2  -2  -2   0  -1  -1   0  -2  -1  -2  -1  -1  -2  -1   1   0  -3  -2   0  100   0   0   0   0   0   0   0   0   0   0   0   0   0   0   0   0   0   0   0  0.40 0.00
   24 T     0  -1   0  -1  -1  -1  -1  -2  -2  -1  -1  -1  -1  -2  -1   1   5  -3  -2   0    0   0   0   0   0   0   0   0   0   0   0   0   0   0   0   0 100   0   0   0  0.46 0.00
   25 A     4  -2  -2  -2   0  -1  -1   0  -2  -1  -2  -1  -1  -2  -1   1   0  -3  -2   0  100   0   0   0   0   0   0   0   0   0   0   0   0   0   0   0   0   0   0   0  0.40 0.00
   26 S     1  -1   0  -1  -1   0   0  -1  -1  -2  -2   0  -1  -2  -1   3   3  -3  -2  -1    0   0   0   0   0   0   0   0   0   0   0   0   0   0   0  61  39   0   0   0  0.39 0.00
   27 Q     0   1   0  -1  -3   4   1  -1   0  -3  -3   3  -1  -3  -1   2   0  -3  -2  -2    0   0   0   0   0  37   0   0   0   0   0  38   0   0   0  25   0   0   0   0  0.39 0.01
   28 M    -1  -2  -3  -4  -1  -2  -3  -4  -2   1   4  -2   4   0  -3  -2  -1  -2  -1   1    0   0   0   0   0   0   0   0   0   0  63   0  37   0   0   0   0   0   0   0  0.38 0.01
   29 Q    -1   3   0  -1  -3   5   2  -2   0  -3  -2   2  -1  -3  -2   0  -1  -2  -2  -3    0  25   0   0   0  75   0   0   0   0   0   0   0   0   0   0   0   0   0   0  0.59 0.01
   30 M    -1  -2  -2  -3   6   2  -1  -3  -2   1   0  -1   3  -1  -3  -1  -1  -2  -2   2    0   0   0   0  27  18   0   0   0   0   0   0  27   0   0   0   0   0   0  28  0.27 0.02
   31 V     0  -2  -2  -3  -1   1  -1  -3  -2   2   0  -1   0  -1  -2  -2   0  -3  -1   4    0   0   0   0   0  18   0   0   0   0   0   0   0   0   0   0   0   0   0  82  0.27 0.02
   32 V     0  -2  -1  -2  -1  -1  -1  -2  -2   2   0  -1   0  -2  -2   2   3  -3  -2   2    0   0   0   0   0   0   0   0   0  18   0   0   0   0   0  27  28   0   0  27  0.19 0.01
   33 L    -2  -2  -4  -4  -1  -2  -3  -4  -3   2   4  -3   2   0  -3  -3  -1  -2  -1   1    0   0   0   0   0   0   0   0   0   0 100   0   0   0   0   0   0   0   0   0  0.51 0.02
   34 P    -1  -1  -2  -2  -3   3   0  -2  -1  -3  -3  -1  -2  -2   6  -1  -1   8   0  -3    0   0   0   0   0  28   0   0   0   0   0   0   0   0  45   0   0  27   0   0  1.08 0.03
   35 C    -1  -3  -3  -3   8  -3  -3   1  -3  -1   1  -3   0  -2  -3  -1  -1  -2  -2  -1    0   0   0   0  55   0   0  18   0   0  27   0   0   0   0   0   0   0   0   0  0.60 0.02
   36 L    -2  -2  -4  -4  -2  -2  -3  -4  -3   2   4  -3   2   0  -3  -3  -1  -2  -1   1    0   0   0   0   0   0   0   0   0   0 100   0   0   0   0   0   0   0   0   0  0.53 0.03
   37 G     0  -1   0  -1  -2  -1  -1   5  -1  -2  -2  -1  -2  -2  -1   1  -1  -2  -2  -2    2   1   1   1   0   1   2  60   1   1   2   1   1   1   1  18   2   0   1   2  0.49 0.01
   38 F    -1  -1  -1  -2  -1  -1  -1  -2  -1   0   1  -1   2   3  -2  -1   1  -1   1   0    2   1   1   1   0   1   2   2   1   1  18   1  18  24   1   2  19   0   1   2  0.12 0.01
   39 T    -1  -2  -2  -2  -1  -2  -2  -3  -3   3   0  -2   0  -1  -2   0   3  -3  -2   2    0   0   0   0   0   0   0   0   0  33   0   0   0   0   0   0  41   0   0  26  0.26 0.02
   40 L    -2  -3  -4  -4  -2  -3  -3  -4  -3   1   4  -3   2   3  -3  -3  -2  -1   0   0    0   0   0   0   0   0   0   0   0   0  83   0   0  17   0   0   0   0   0   0  0.48 0.04
   41 L    -2  -3  -4  -4  -2  -3  -3  -4  -3   3   4  -3   2   0  -3  -3  -1  -2  -1   1    0   0   0   0   0   0   0   0   0  26  74   0   0   0   0   0   0   0   0   0  0.47 0.04
   42 L    -2  -2  -3  -4  -2  -2  -3  -4  -1   1   4  -3   1   1  -3  -3  -1  -1   3   1    0   0   0   0   0   0   0   0   0   0  67   0   0   0   0   0   0   0  21  12  0.39 0.04
   43 W    -2  -3  -4  -4   6  -3  -4  -3  -3  -1   2  -3   0   0  -4  -3  -2   9   0  -1    0   0   0   0  25   0   0   0   0   0  29   0   0   0   0   0   0  45   0   0  1.12 0.07
   44 S     2  -1   2   0  -1  -1  -1  -1  -1  -2  -2  -1  -2  -3  -1   3   2  -3  -2  -1   20   0  18   0   0   0   0   0   0   0   0   0   0   0   0  41  22   0   0   0  0.34 0.03
   45 Q    -1   0  -1  -1  -2   3   0  -2  -1  -2  -2   0  -1  -3   6   0  -1  -2  -2  -2    2   1   1   1   0  34   2   2   1   1   2   1   1   1  43   2   1   0   1   2  0.73 0.03
   46 V     0  -1  -1  -1  -1   0   2  -2  -1   1   1  -1   0  -1  -1   0   0  -2  -1   2    2   1   1   1   0   1  22   2   1   1  14   1   1   1   1  12   1   0   1  34  0.08 0.01
   47 S     0  -1  -1  -1   5  -1  -1  -1  -2  -1  -1  -1  -1  -2   3   1   2  -2  -2  -1    2   1   1   1  21   1   2   2   1   1   2   1   1   1  19  17  23   0   1   2  0.34 0.02
   48 G     0  -1   0  -1  -2  -1   0   5  -1  -3  -3  -1  -2  -2  -1   0  -1  -2  -2  -2    2   1   1   1   0   1  11  67   1   1   2   1   1   1   1   2   1   0   1   2  0.57 0.03
   49 A     1  -2  -1  -2  -1  -1  -2   2  -2   0   2  -1   1  -1  -1  -1  -1  -2  -1   0   17   1   1   1   0   1   2  22   1   1  42   1   1   1   1   2   1   0   1   2  0.12 0.01
   50 Q    -1   1   0   0  -2   3   2  -1   0  -2  -2   2  -1  -2  -1   0   2  -2  -1  -1    2   1   1   1   0  25  10   2   1   1   2  23   1   1   1   2  22   0   1   2  0.23 0.02
   51 G     0  -2   0   2  -2  -1  -1   3  -2   0  -1  -1  -1  -2  -1  -1  -1  -2  -2   1    2   1   1  21   0   1   1  34   0   1   2   1   0   1   1   2   1   0   1  27  0.21 0.02
   52 Q    -1   0   0   2  -2   5   1  -1   3  -2  -2   1  -1  -2  -1   0  -1  -2  -1  -2    2   1   1  14   0  54   1   2  13   1   2   1   0   1   1   2   1   0   1   1  0.39 0.04
   53 E    -1  -1   2   0  -2   0   3  -2  -1   0  -1   0  -1  -2  -1   0   2  -2  -2   0    2   1  13   1   0   1  34   1   0  14   2   1   0   1   1   1  23   0   1   1  0.18 0.02
   54 F    -2  -2  -2  -2  -2  -1  -2  -2   3   0   1  -2   0   4  -2  -2  -1   0   3  -1    2   1   1   1   0   1   1   1  13   1  24   1   0  34   1   1   1   0  14   1  0.26 0.02
   55 H    -1   2   2  -1  -2   0   0   1   5  -3  -2   0  -2  -2  -1   1  -1  -2   0  -2    2  19  11   1   0   1   1  14  27   1   2   1   0   1   1  14   1   0   1   1  0.25 0.02
   56 F    -1  -2  -2  -2  -1  -2  -2  -2  -2   1   3  -2   1   3  -2   0  -1  -1   1   0    2   1   1   1   0   1   1   1   0   1  49   1   0  25   1  10   1   0   1   1  0.20 0.02
   57 G     0   3   0  -1  -2  -1  -1   5  -1  -3  -3   0  -2  -2  -2   0  -1  -2  -2  -2    2  26   1   1   0   1   1  56   0   1   2   1   0   1   1   1   1   0   1   1  0.49 0.03
   58 P     0   3   0  -1  -2   0   0  -1  -1  -2  -2   0  -2  -2   4   2   0  -2  -2  -2    2  26   1   1   0   1   1   1   0   1   2   1   0   1  25  32   1   0   1   1  0.42 0.02
   59 C    -1  -4  -3  -4  10  -4  -4  -3  -4  -2  -2  -4  -2  -3  -3  -1  -1  -3  -3  -1    0   0   0   0 100   0   0   0   0   0   0   0   0   0   0   0   0   0   0   0  1.65 0.10
   60 Q    -1  -1  -1   2  -2   3   0  -3  -1   0   1  -1   0  -2  -2  -1  -1  -3  -2   1    0   0   0  20   0  33   0   0   0   0  25   0   0   0   0   0   0   0   0  22  0.19 0.03
   61 V    -1  -3   2  -2  -2  -2  -2  -3  -2   4   1  -2   0  -1  -3  -2  -1  -3  -2   3    0   0  20   0   0   0   0   0   0  47   0   0   0   0   0   0   0   0   0  33  0.27 0.04
   62 K     0   0   0  -1  -2   0  -1  -1  -1  -1  -1   1  -1   2  -1   2   3  -1   0  -1    1   1   0   1   0   0   1   1   0   1   1  16   0  20   1  26  29   0   0   1  0.18 0.03
   63 G     2  -1  -1  -1  -2  -1  -1   3  -2  -2  -2  -1  -2  -2   4   0  -1  -2  -2  -1   24   1   1   1   0   1   2  35   1   1   2   1   1   1  21   2   1   0   1   2  0.42 0.02
   64 V    -1  -1   3   0  -2   1  -1  -2  -1   0  -1  -1  -1  -2  -2   0   2  -3  -2   2    1   1  31   1   0  10   1   1   0   1   1   1   0   0   1   1  21   0   0  29  0.19 0.03
   65 V    -1  -2   0   1  -2  -1  -2  -3  -2   1   1  -2   5  -1  -2  -1  -1  -2  -2   2    1   0   7   9   0   0   0   1   0   0   1   0  45   0   0   1   0   0   0  32  0.26 0.07
   66 P    -2  -3  -3   0  -2  -2  -2  -4  -3   1   4  -3   3   0   2  -2  -2  -2  -2   0    0   0   0   9   0   0   0   0   0   0  73   0   8   0  10   0   0   0   0   0  0.42 0.08
   67 Q    -2   4  -1  -2  -4   3   0  -3   3  -3  -1   1   1  -3   2  -1  -1  -3  -2  -2    0  44   0   0   0  23   0   0  10   0   3   0   9   0  11   0   0   0   0   0  0.49 0.08
   68 K     0   1  -1   2  -4   1   5  -2   2  -4  -3   1  -2  -4  -2  -1  -1  -3  -2  -3    7   9   0   7   0   0  59   0   8   0   0  10   0   0   0   0   0   0   0   0  0.55 0.08
   69 L    -2  -3  -4  -4  -2  -3  -4  -4  -4   3   4  -3   2   0  -3  -3  -2  -2  -2   1    0   0   0   0   0   0   0   0   0  22  76   0   0   0   0   0   0   0   0   2  0.56 0.08
   70 W    -2   5  -2  -2  -4   1   1  -3  -1  -1  -2   1  -2  -2  -3  -2  -2   7  -1  -2    0  55   0   0   0   7   8   0   0   9   0   0   0   0   0   0   0  21   0   0  0.71 0.09
   71 E     2  -1   1   1  -2   0   3  -1  -1  -2  -2   1  -2  -3  -2   0   0  -3  -2   0   30   0   6   4   0   0  38   0   0   0   0   7   0   0   0   0   5   0   0   9  0.28 0.05
   72 A     4  -1  -1  -1  -1  -1   0   1  -2  -2  -2   0  -2  -3  -1   2   0  -3  -2  -1   62   0   0   0   0   0   7   6   0   0   0   7   0   0   0  17   0   0   0   0  0.38 0.07
   73 F    -3  -4  -4  -4  -3  -4  -4  -4  -2  -1   0  -4  -1   8  -5  -3  -3   0   2  -2    0   0   0   0   0   0   0   0   0   0   0   0   0 100   0   0   0   0   0   0  1.27 0.15
   74 W     0  -1  -1  -1  -2   1   0   2   2  -3  -3  -1  -2  -2  -2   3  -1   7  -1  -3    0   0   0   0   0   8   7  18   9   0   0   0   0   0   0  37   0  21   0   0  0.51 0.07
   75 A     0   3  -1   0  -3   2   3  -2  -1  -3  -3   1  -2  -3   0   0   1  -3  -2  -2   10  22   0   0   0   8  38   0   0   0   0   5   0   0   3   5  11   0   0   0  0.38 0.05
   76 V    -1  -3  -4  -4  -1  -3  -3  -4  -4   4   1  -3   0  -1  -3  -3  -1  -3  -2   4    0   0   0   0   0   0   0   0   0  38   0   0   0   0   0   0   0   0   0  62  0.55 0.09
   77 K    -1   3  -1  -1  -4   1   0  -2  -1  -4  -3   6  -2  -4  -2  -1  -1  -4  -3  -3    0  14   0   0   0   0   0   0   0   0   0  86   0   0   0   0   0   0   0   0  0.79 0.12
   78 D    -1   2   2   3  -3  -1   0   0  -1  -1  -2   0  -2  -3  -2   0   3  -4  -3  -2    0  17  13  24   0   0   0   6   0   5   0   0   0   0   0   3  32   0   0   0  0.30 0.06
   79 T     1  -2  -2  -2  -2  -2  -2  -2  -1  -1  -1  -2  -1   4  -2   1   2   0   3  -1   17   0   0   0   0   0   0   0   0   0   0   0   0  37   0  14  21   0  12   0  0.32 0.06
   80 M    -2  -3  -3  -4  -2  -3  -3  -4  -2   2   1  -3   3   5  -4  -3  -2  -1   1   2    0   0   0   0   0   0   0   0   0   8   0   0  18  49   0   0   0   0   0  25  0.50 0.08
   81 Q    -2   0  -1  -1  -4   7   1  -3   0  -4  -3   1  -1  -4  -2  -1  -1  -3  -2  -3    0   0   0   0   0  94   0   0   0   0   0   6   0   0   0   0   0   0   0   0  1.06 0.15
   82 A     2  -1  -1  -2  -1  -1  -1  -1  -2  -1  -1   0   2  -2  -2   1   3  -3  -2  -1   31   0   0   0   0   0   0   0   0   0   0   7  15   0   0   9  37   0   0   0  0.28 0.07
   83 Q    -1   3  -1  -1  -4   3   2  -2  -1  -3  -3   5  -2  -4  -2  -1  -1  -3  -2  -3    0  12   0   0   0  21   7   0   0   0   0  60   0   0   0   0   0   0   0   0  0.61 0.09
   84 D    -3  -2   1   7  -4  -1   1  -2  -2  -4  -5  -1  -4  -4  -2  -1  -2  -5  -4  -4    0   0   0 100   0   0   0   0   0   0   0   0   0   0   0   0   0   0   0   0  1.34 0.14
   85 N    -1   0   2   2  -3   3   2   0  -1  -3  -3   1  -2  -3  -2   0   2  -3  -2  -2    0   0  10  12   0  28  10   6   0   0   0   9   0   0   0   0  24   0   0   0  0.33 0.05
   86 I    -2  -2   1  -2  -2  -2  -1  -3  -2   2   3  -2   1   3  -3  -2  -1  -2   0   1    0   0  14   0   0   0   7   0   0  15  42   0   3  17   0   0   0   0   0   2  0.21 0.05
   87 T    -1  -1   1   3  -2  -1   0  -1   0   0   0   0  -1  -2   1   0   2  -3  -2  -1    0   0   5  27   0   0   0   3   2  14   8   9   0   0   9   0  21   0   0   0  0.18 0.04
   88 S    -1  -1   5   3  -3   0   1  -1  -1  -4  -4  -1  -3  -4  -2   3   0  -4  -3  -3    0   0  44  18   0   0   5   0   0   0   0   0   0   0   0  32   0   0   0   0  0.57 0.08
   89 A     0  -3  -3  -3  -1  -2  -3  -3  -3   4   1  -2   3  -1  -3  -2   0  -3  -2   3   10   0   0   0   0   0   0   0   0  40   7   0  15   0   0   0   5   0   0  23  0.30 0.06
   90 R    -1   4   0  -1  -2   1   0  -1  -1  -2  -1   1  -1  -2  -1   0   2  -2  -1  -1    3  36   2   2   1   9   2   3   1   2   3   7   1   1   2   3  19   0   1   2  0.23 0.03
   91 L    -2  -3  -4  -4  -2  -3  -4  -4  -4   3   4  -3   2   0  -3  -3  -2  -2  -2   1    0   0   0   0   0   0   0   0   0  30  70   0   0   0   0   0   0   0   0   0  0.55 0.08
   92 L    -2  -3  -4  -4  -2  -3  -4  -4  -4   2   5  -3   2   0  -4  -3  -2  -2  -2   0    0   0   0   0   0   0   0   0   0   5  95   0   0   0   0   0   0   0   0   0  0.68 0.10
   93 Q     0   2   0   0  -2   2   0  -2  -1  -2  -3   2  -2  -3  -2   2   3  -3  -2  -2    0  14   2   5   0  10   0   0   0   0   0  18   0   0   0  26  26   0   0   0  0.31 0.05
   94 Q    -1   0   0   1  -2   2   1   0  -1  -2  -1   0  -1  -3   2   1   2  -3  -2  -2    0   4   0   8   0  14  11   9   0   0   9   5   0   0  11   7  22   0   0   0  0.21 0.03
   95 E     0  -1   0   0  -3   2   4  -2  -1  -3  -3   0  -2  -4  -2   3   0  -3  -2  -3    0   0   0   0   0  11  47   0   0   0   0   0   0   0   0  42   0   0   0   0  0.55 0.09
   96 V    -1  -2   0  -2  -2  -2  -2  -3  -2   1   3  -2   1  -1  -3   0   1  -3  -2   2    0   0   9   0   0   0   0   0   0   0  49   0   0   0   0  14   8   0   0  21  0.21 0.05
   97 L    -2  -3  -4  -4  -2  -1  -3  -4  -3   1   5  -3   2   0  -4  -3  -2  -2  -2   0    0   0   0   0   0   2   0   0   0   0  95   0   3   0   0   0   0   0   0   0  0.65 0.10
   98 Q    -1   2   0   2  -4   4   3  -2   0  -4  -3   2  -2  -4  -2  -1  -1  -3  -2  -3    0  14   0  11   0  38  30   0   0   0   0   7   0   0   0   0   0   0   0   0  0.58 0.08
   99 N    -2  -2   3   5  -3   0   2  -2  -1  -1  -3  -1  -3  -3  -2   1  -1  -4  -3  -2    0   0  21  50   0   0  12   0   0   8   0   0   0   0   0   9   0   0   0   0  0.58 0.07
  100 V    -2  -3  -3  -4  -2  -3  -3  -4  -3   3   1  -3   0   5  -3  -2   0  -1   1   2    0   0   0   0   0   0   0   0   0  24   7   0   0  41   0   0   6   0   0  21  0.40 0.06
  101 S    -1   1  -1  -1  -3   1   0  -2  -1  -3  -3   5  -2  -4  -2   2  -1  -4  -2  -3    0   0   0   0   0   0   0   0   0   0   0  79   0   0   0  21   0   0   0   0  0.64 0.11
  102 D     0  -2  -1   2  -3  -2  -1   4  -2  -4  -4  -1  -3  -4   4   1  -1  -4  -3  -3    0   0   0  16   0   0   0  46   0   0   0   0   0   0  23  15   0   0   0   0  0.69 0.07
  103 A     2  -2  -2  -3  -2  -2  -2   0   0  -1   1  -2  -1   1  -3  -1   0   0   5  -1   27   0   0   0   0   0   0   9   0   0  16   0   0   0   0   0   7   0  42   0  0.33 0.07
  104 E    -2  -2   1   3  -3  -1   2  -3  -2   0   2  -1   0   1  -3  -1  -1  -3  -1  -1    0   0   6  24   0   0  21   0   0   0  42   0   0   7   0   0   0   0   0   0  0.24 0.05
  105 S     0   1  -1  -2  -2  -1  -2   4  -2  -2  -2  -1  -2  -3  -2   1  -1  -3  -3   0    0  14   0   0   0   0   0  49   0   0   0   0   0   0   0  21   0   0   0  17  0.42 0.06
  106 C    -1  -5  -4  -5  10  -4  -5  -4  -4  -2  -2  -4  -2  -3  -4  -2  -2  -3  -3  -2    0   0   0   0 100   0   0   0   0   0   0   0   0   0   0   0   0   0   0   0  2.03 0.18
  107 Y    -1  -1  -2  -2   6   5   0  -3   0  -3  -2  -1  -1  -1  -3  -1  -2  -1   4  -2    0   0   0   0  30  49   0   0   0   0   0   0   0   0   0   0   0   0  21   0  0.68 0.11
  108 L     3  -2  -2  -3  -1  -2  -2  -2  -2   0   2  -2   2   1  -2   0  -1  -2  -1   1   42   0   0   0   0   0   0   0   0   0  27   0   9   7   0   7   0   0   0   8  0.19 0.05
  109 V     0  -2  -3  -3  -1  -2  -3  -3  -3   1   3  -2   1  -1  -3  -1   1  -3  -2   2   11   0   0   0   0   0   0   0   0   0  55   0   0   0   0   0  17   0   0  17  0.29 0.06
  110 H     0   2   2  -1  -2   0   0  -1   4  -3  -3   1  -2  -3  -2   3   0  -3  -1  -3    0  14   9   0   0   0   0   0  21   0   0   8   0   0   0  47   0   0   0   0  0.38 0.08
  111 T    -1  -1   3   1  -3   1   4  -2   3  -3  -3   0  -2  -3  -2   1   1  -3  -2  -3    0   0  17   0   0   0  49   0  14   0   0   0   0   0   0  11  10   0   0   0  0.49 0.07
  112 L    -2  -2  -3  -4  -2  -2  -3  -4  -3   1   4  -3   6   0  -3  -3  -2  -2  -2   0    0   0   0   0   0   0   0   0   0   0  51   0  49   0   0   0   0   0   0   0  0.63 0.11
  113 L    -2  -3  -4  -4  -2  -3  -4  -4  -4   4   4  -3   1   0  -3  -3  -1  -3  -2   2    0   0   0   0   0   0   0   0   0  42  51   0   0   0   0   0   0   0   0   7  0.49 0.07
  114 E     0   3  -1  -1  -3   4   2  -2  -1  -3  -3   2  -1  -3  -2   0   0  -3  -2  -2    8  21   0   0   0  34  10   0   0   0   0  18   0   0   0   0   9   0   0   0  0.43 0.06
  115 F    -3  -4  -4  -4  -3  -4  -4  -4  -2  -1   1  -4   0   7  -5  -3  -3   0   2  -1    0   0   0   0   0   0   0   0   0   0   6   0   0  94   0   0   0   0   0   0  1.14 0.14
  116 Y    -3  -3  -3  -4  -3  -2  -3  -4   1  -2  -2  -3  -2   2  -4  -3  -3   2   8  -2    0   0   0   0   0   0   0   0   0   0   0   0   0   0   0   0   0   0 100   0  1.48 0.17
  117 L    -2   0  -3  -4  -2  -2  -3  -4  -3   1   4  -2   1   0  -3  -2   0  -2  -2   1    0   9   0   0   0   0   0   0   0   0  76   0   0   0   0   0   7   0   0   8  0.41 0.07
  118 K    -2  -1   2   4  -4   0   3  -2  -1  -2  -3   1  -2  -4  -2  -1  -1  -4  -3  -1    0   0  11  38   0   0  30   0   0   0   0  12   0   0   0   0   0   0   0  10  0.49 0.06
  119 T    -1   3  -1   1  -3   1   4  -3  -1  -3  -3   1  -2  -3  -2   0   2  -3  -2  -2    0  30   0   5   0   0  44   0   0   0   0   0   0   0   0   0  21   0   0   0  0.50 0.08
  120 V    -1  -3  -4  -4  -1  -3  -3  -4  -4   2   0  -3   0  -2  -3  -2  -1  -4  -2   5    0   0   0   0   0   0   0   0   0   0   0   0   0   0   0   0   0   0   0 100  0.69 0.12
  121 F    -2  -3  -3  -4  -3  -2  -3  -4  -2   0   1  -3   6   6  -4  -3  -2  -1   1  -1    0   0   0   0   0   0   0   0   0   0   7   0  42  51   0   0   0   0   0   0  0.68 0.11
  122 K    -1   0  -1  -2  -4   1   0  -2  -2  -3  -3   4  -2  -4   6  -1  -1  -4  -3  -3    0   0   0   0   0   9   0   0   0   0   0  43   0   0  49   0   0   0   0   0  1.04 0.10
  123 N    -2   2   3   2  -3   3   1  -2   0  -2  -3   1  -2  -3  -2   0  -1  -3  -2  -1    0  17  27  17   0  29   0   0   0   0   0   3   0   0   0   0   0   0   0   7  0.41 0.07
  124 Y     3  -2  -2  -3  -2  -1  -2  -1   4  -2  -2  -2  -2   0  -2   0  -1   0   5  -1   49   0   0   0   0   0   0   0  17   0   0   0   0   0   0   0   0   0  34   0  0.48 0.09
  125 H    -2   0  -1   0  -4   4   4  -3   5  -3  -2   0   1  -3  -2  -1  -1  -3  -1  -3    0   0   0   0   0  30  42   0  21   0   0   0   7   0   0   0   0   0   0   0  0.60 0.09
  126 N    -1   0   4   1  -3   1   2  -1   0  -3  -3   0  -2  -3  -1   1   0  -3  -2  -2    1   1  41   1   0   8  23   1   0   1   1   4   0   1   1  15   1   0   0   1  0.41 0.05
  127 R    -1   2   1   0  -3   1   0  -2   5  -3  -2   1  -2  -2   2   0   0  -3   0  -2    1  19   6   4   0   5   3   1  27   1   1  12   0   1   9   1   8   0   0   1  0.32 0.04
  128 T     0  -2   1   2  -2  -1   0   2  -2   0  -2  -1  -2  -3  -2   2   2  -3  -2  -1    0   0   8  13   0   0   5  19   0  11   0   0   0   0   0  20  23   0   0   0  0.23 0.04
  129 V     0  -3  -3  -2  -2  -2  -1  -3  -3  -1   0  -2  -1  -3   6  -1   0  -4  -3   1    5   0   0   0   0   0   3   0   0   0  14   0   0   0  56   0   7   0   0  16  0.94 0.08
  130 E    -1   0   0   4  -4   1   3  -2  -1  -4  -4   2  -3  -4  -2   0  -1  -4  -3  -3    2   0   0  41   0   0  30   0   0   0   0  19   0   0   0   7   0   0   0   0  0.59 0.07
  131 V    -1  -3  -2  -3  -2  -2  -3  -4   4   3   0  -3   0   2  -3  -2  -1  -2   0   3    2   0   0   0   0   0   0   0  21  41   0   0   0  11   0   0   0   0   0  25  0.32 0.07
  132 R    -1   3   0  -1  -3   2   0  -2   2  -2  -2   4  -1  -2  -1  -1  -1  -2   1  -2    1  13   1   1   0   8   1   1   8   1   2  51   0   1   1   1   1   0   7   1  0.36 0.05
  133 T     0  -1   0   0  -1   0   0  -1  -1   0   0   0   0  -1   0   0   2  -1  -1   1    4   3   5   7   1   2   4   4   1   3   5   3   1   2   3   4  27   1   2  17  0.06 0.01
  134 L    -1  -1  -1  -1  -1  -1  -1  -1  -1   1   3  -1   1   0  -1  -1  -1  -1  -1   0    4   3   2   3   1   2   3   4   1   3  56   3   1   2   3   3   3   1   2   3  0.13 0.02
  135 K    -1   4  -1   0  -3   2   3  -2  -1  -3  -3   2  -2  -3  -2  -1  -1  -3  -2  -3    1  36   0   0   0  10  31   1   0   0   1  16   0   0   0   1   1   0   0   1  0.50 0.06
  136 S    -1   2   1   0  -3   0   0  -2   6  -3  -3   2  -2  -3  -2   2  -1  -3   0  -3    0   9   2   5   0   0   0   0  34   0   0  22   0   0   0  28   0   0   0   0  0.44 0.08
  137 F    -1  -3  -4  -4  -2  -3  -3  -4  -3   3   1  -3   2   3  -3  -3  -1  -2   0   3    0   0   0   0   0   0   0   0   0  30   8   0   7  21   0   0   0   0   0  34  0.37 0.06
  138 S     0  -1   4   0  -2  -1  -1   2  -1  -3  -4  -1  -2  -3  -2   4   0  -4  -3  -3    0   0  37   0   0   0   0  12   0   0   0   0   0   0   0  51   0   0   0   0  0.54 0.09
  139 T     0  -1   0   1  -2  -1  -1  -1  -2  -3  -3  -1  -2  -3  -1   4   3  -4  -2  -2    0   0   0   7   0   0   0   0   0   0   0   0   0   0   0  72  21   0   0   0  0.55 0.10
  140 L    -2  -3  -4  -4  -2  -3  -4  -4  -4   3   4  -3   2   0  -4  -3  -2  -2  -2   1    0   0   0   0   0   0   0   0   0  17  83   0   0   0   0   0   0   0   0   0  0.60 0.09
  141 A     3  -2  -1  -2  -2  -2  -2   5  -2  -3  -3  -2  -2  -3  -2   0  -1  -3  -3  -2   51   0   0   0   0   0   0  49   0   0   0   0   0   0   0   0   0   0   0   0  0.66 0.09
  142 N    -2  -1   6   1  -4   0   4  -2   0  -4  -4   0  -3  -4  -2   0  -1  -4  -3  -3    0   0  58   0   0   0  42   0   0   0   0   0   0   0   0   0   0   0   0   0  0.77 0.11
  143 N    -1   0   4   0  -3   0   0  -1  -1  -3  -3   3   1  -3  -2   2   0  -4  -2  -2    0   0  28   0   0   0   0   0   0   0   0  35   7   0   0  30   0   0   0   0  0.38 0.07
  144 F    -2  -3  -4  -4  -2  -3  -4  -4  -3   0   3  -3   1   6  -4  -3  -2  -1   1   0    0   0   0   0   0   0   0   0   0   0  49   0   0  51   0   0   0   0   0   0  0.65 0.09
  145 V    -1   0  -2  -3  -2  -1  -1  -3  -2   1   3   3   1  -1  -2  -2  -1  -3  -2   1    0   0   0   0   0   0   0   0   0   5  43  42   0   0   0   0   0   0   0  10  0.25 0.07
  146 L     0  -2  -1  -2   3  -2  -2   0  -2   1   0  -2   0  -1  -2   0   3  -2   1   1    5   0   0   0   9   0   0   7   0   7  10   0   0   0   0   0  43   0   8  11  0.20 0.05
  147 I    -2  -3  -4  -4  -2  -3  -3  -4  -3   3   3  -3   3   0  -3  -3  -1  -2  -1   2    0   0   0   0   0   0   0   0   0  34  46   0   8   2   0   0   0   0   0   9  0.43 0.06
  148 V    -1   4  -1  -2  -3   3   0  -3  -1  -1  -1   3   2  -3  -2  -1  -1   1  -2   0    0  39   0   0   0  17   0   0   0   0   0  21  11   0   0   0   0   2   0  10  0.39 0.07
  149 S     0   0  -1  -2  -2   0  -1  -2  -2   0   2   2   1  -1  -2   1   0  -3  -2   0    7   0   0   0   0   0   0   0   0   2  32  30   5   0   0  21   0   0   0   2  0.15 0.05
  150 Q    -1   4   0   2  -3   3   0  -2  -1  -3  -3   1  -2  -3  -2   1   1  -3  -2  -2    0  37   0  14   0  20   0   0   0   0   0   6   0   0   0   9  15   0   0   0  0.41 0.06
  151 L    -2  -3  -4  -4  -2  -3  -4  -4  -3   1   5  -3   3   0  -4  -3  -2  -2  -2   0    0   0   0   0   0   0   0   0   0   0  93   0   7   0   0   0   0   0   0   0  0.67 0.10
  152 Q    -1   5  -1  -1  -4   3   1  -3  -1  -4  -3   2  -2  -4  -2   0  -1  -3  -2  -3    0  58   0   0   0  21   9   0   0   0   0   5   0   0   0   7   0   0   0   0  0.65 0.09
  153 P    -2   5  -1  -2  -3   2  -1  -3  -1  -2  -1   1  -1  -3   4  -1  -1  -3  -2  -1    0  53   0   0   0  11   0   0   0   0   9   0   0   0  21   0   0   0   0   7  0.55 0.08
  154 S    -1  -2  -2  -3   9  -3  -3  -3  -3  -2  -2  -3  -2  -3  -3   2  -1  -3  -3  -2    0   3   0   0  77   0   0   0   0   0   0   0   0   0   0  21   0   0   0   0  1.32 0.14
  155 Q    -1   1   0  -1  -3   3   0  -2   6  -3  -2   1  -1  -2  -1  -1  -1  -2   0  -2    2   4   1   1   0  27   1   1  41   1   2  12   0   1   1   1   1   0   1   1  0.50 0.07
  156 E     0   3   0   2   0   1   2  -1  -1  -1  -2   1  -1  -2  -1   0  -1  -2  -2   0    8  25   1  12   3   4  19   1   0   1   2   1   0   1   1   9   1   0   1  10  0.18 0.03
  157 N    -2  -1   3  -1  -3   1  -1  -2   7  -3  -2  -1  -2   4  -3  -1  -2  -2   1  -3    0   0  21   0   0   8   0   0  44   0   0   0   0  27   0   0   0   0   0   0  0.61 0.10
  158 E     0   4  -1  -1  -2   0   1  -2  -1  -1   1   1   0   1  -2   0  -1  -2  -1  -1    7  39   1   1   0   1  11   1   0   1  21   1   0   8   1   6   1   0   0   1  0.19 0.04
  159 M    -2  -2  -2  -3  -3   2  -1  -3  -2  -1   0  -1   5   3   3  -1   0  -2   0  -1    0   0   0   0   0  17   0   0   0   0   0   0  34  22  20   0   7   0   0   0  0.39 0.08
  160 F     0  -3  -3  -4   7  -3  -3  -3  -3   0   2  -3   0   1  -3  -1   0  -2  -1  -1    7   0   0   0  44   0   0   0   0   0  33   0   0  10   0   0   6   0   0   0  0.60 0.08
  161 S    -1  -2   1   0   4   0   2  -2   2  -3  -3  -1  -2  -3   5   0  -1  -3  -2  -3    0   0   9   0  14   0  25   0   8   0   0   0   0   0  33  10   0   0   0   0  0.62 0.07
  162 I    -1  -2   2  -2   7  -2  -2  -3   3   1  -1   0  -1  -2  -3  -1  -1  -3  -2  -1    0   0  18   0  39   0   0   0  14  21   0   7   0   0   0   0   0   0   0   0  0.47 0.08
  163 R     0   3   0  -1   4   0   0  -1  -1  -2  -1   2  -1  -2  -1   1   0  -2  -1  -1    3  27   2   2  14   2   2   3   1   2   3  20   1   1   2  11   2   0   1   2  0.21 0.03
  164 G     0  -1   0  -1  -1   2   0   2  -1  -2  -2   0  -1  -2  -1   3   0  -2  -2  -2    2   1   1   2   1  18   2  21   1   1   3   2   1   1   2  38   2   0   1   2  0.24 0.04
  165 D    -1   0   0   3  -4   1   5  -2  -1  -4  -4   3  -3  -4  -2  -1  -1  -4  -3  -3    0   0   0  16   0   0  60   0   0   0   0  25   0   0   0   0   0   0   0   0  0.69 0.09
  166 S     3  -1   3   1  -2   0   1  -1  -1  -3  -3  -1  -2  -3  -1   2   0  -3  -2  -2   42   0  19   5   0   0  14   0   0   0   0   0   0   0   0  21   0   0   0   0  0.33 0.06
  167 A     2  -1   0  -2  -1  -1  -1  -1  -2   0  -1   1  -1  -2  -2   0   2  -3  -2   1   34   0   5   0   0   0   0   0   0   7   0  19   0   0   0   0  17   0   0  18  0.16 0.05
  168 H    -1   1   2   0  -3   1   2  -2   4  -2  -2   1   2  -2  -2   2   0  -3  -1  -2    0   6  17   0   0   2  15   0  15   0   0   7  14   0   0  24   0   0   0   0  0.25 0.05
  169 R     1   3  -1  -1  -2   1   1  -1  -1  -2  -2   3  -1  -2  -1   0  -1  -2  -2  -2   19  22   1   1   0   6  11   2   0   1   2  27   0   1   1   2   1   0   1   1  0.25 0.03
  170 R     1   3  -1  -1  -1   0   0  -1  -1  -1  -1   2  -1  -2  -1   0   2  -2  -1   0   19  22   1   1   0   1   2   2   1   1   2  15   1   1   1   2  18   0   1   9  0.15 0.02
  171 F    -1   2  -2  -2  -2  -1  -1  -2  -1   0   0  -1   0   3  -2  -1  -1   0   3   1    2  18   1   1   0   1   2   2   1   1   2   1   1  22   1   2   1   0  14  26  0.15 0.03
  172 L    -1  -1   1  -1  -2   0   1  -2  -1   1   1   0   0  -1  -1   0   0  -2  -1   1    2   1   8   1   0   1  18   2   1  10  23   6   1   1   1   8   1   0   1  12  0.06 0.01
  173 L    -2   0  -1  -2  -3   5   0  -3  -1   1   1   0   0  -2  -2  -1  -1  -3  -2  -1    0   0   0   0   0  60   0   0   0  17  21   0   0   0   0   0   0   0   0   0  0.42 0.09
  174 F    -1  -3  -2  -3  -2  -2  -3  -4   4   3   0  -3   0   2  -3  -2  -1  -2   2   3    0   0   0   0   0   0   0   0  17  23   0   0   0  15   0   0   0   0   6  39  0.31 0.06
  175 R    -2   3   0   2  -3   0   0  -2   1  -2   0   4  -1  -3  -2  -1  -1  -3  -2  -2    0  22   0  17   0   0   0   0   6   0  14  42   0   0   0   0   0   0   0   0  0.35 0.06
  176 R    -1   3   4   0  -3   0   1  -1  -1  -3  -3   0  -2  -3  -2   2   0  -4  -2  -3    0  23  34   2   0   0   7   2   0   0   0   0   0   0   0  32   0   0   0   0  0.43 0.07
  177 A     2  -1  -1   1  -1  -1  -1  -1   3  -1  -1  -1  -1  -2  -1   0   2  -2  -1   0   37   1   1   9   0   1   1   1  14   1   2   1   0   1   1   1  21   0   1   7  0.18 0.04
  178 F    -3  -3  -4  -4  -3  -3  -4  -4  -1  -1   0  -4  -1   7  -4  -3  -3   1   5  -1    0   0   0   0   0   0   0   0   0   0   0   0   0  76   0   0   0   0  22   2  1.02 0.12
  179 K    -1   0   3   2  -3   0   2  -1  -1  -1  -3   2  -2  -3  -2   2   0  -4  -2  -2    0   0  23   8   0   0  13   0   0   7   0  26   0   0   0  22   0   0   0   0  0.30 0.05
  180 Q    -1   1  -1  -1  -4   4   2  -2  -1  -3  -3   4   0  -4  -2  -1  -1  -3  -2  -3    0   0   0   0   0  38  12   0   0   0   0  48   2   0   0   0   0   0   0   0  0.60 0.09
  181 L    -2  -3  -4  -4  -2  -3  -4  -4  -3   1   5  -3   3   0  -4  -3  -2  -2  -2   0    0   0   0   0   0   0   0   0   0   0  93   0   7   0   0   0   0   0   0   0  0.67 0.10
  182 D    -2   0   0   4  -4   5   4  -2  -1  -4  -3   0  -2  -4  -2  -1  -1  -3  -3  -3    0   0   0  28   0  42  30   0   0   0   0   0   0   0   0   0   0   0   0   0  0.70 0.09
  183 V     0  -1  -1   0  -1  -1  -1  -1  -1   1   1  -1   0  -1   1  -1   0  -1  -1   2    4   2   2   5   1   2   3   3   1   8  11   3   1   2   9   3   8   1   1  30  0.06 0.01
  184 E    -1   0   0   1  -4   3   5  -2   3  -4  -3   0  -2  -4  -2   1  -1  -3  -2  -3    0   0   0   2   0  16  64   0   8   0   0   0   0   0   0   9   0   0   0   0  0.68 0.09
  185 A     2   1   1  -1  -2   1   0  -1  -1  -1  -2   2  -1  -3  -1   1   0  -3  -2   0   32   7   7   0   0   5   3   0   0   0   0  25   0   0   0   9   0   0   0  11  0.19 0.04
  186 A     3  -2  -1  -2  -2  -2  -2   5  -2  -3  -3  -2  -2  -3  -2   0  -1  -3  -3  -2   51   0   0   0   0   0   0  49   0   0   0   0   0   0   0   0   0   0   0   0  0.66 0.09
  187 L     1  -3  -3  -3  -1  -2  -3  -3  -3   3   2  -2   1  -1  -3  -2  -1  -3  -2   3   17   0   0   0   0   0   0   0   0  16  21   0   0   0   0   0   0   0   0  46  0.31 0.06
  188 T     0  -2  -3  -3  -2  -2  -3  -3   0   1   0  -2   0   1  -3  -2   1   0   6   2    6   0   0   0   0   0   0   0   0   8   9   0   0   0   0   0  10   0  49  19  0.43 0.08
  189 K    -1   2  -1  -1  -4   1   0  -2  -1  -4  -3   6  -2  -4  -2  -1  -1  -4  -3  -3    0   0   0   0   0   0   0   0   0   0   0 100   0   0   0   0   0   0   0   0  0.90 0.14
  190 A     5  -2  -2  -2  -1  -1  -1   0  -2  -2  -2  -1  -2  -3  -1   2   0  -3  -2  -1   83   0   0   0   0   0   0   0   0   0   0   0   0   0   0  17   0   0   0   0  0.57 0.10
  191 L    -2  -2  -3  -4  -2  -2  -3  -4  -3   1   3  -3   6   2  -3  -3  -2  -2  -1   0    0   0   0   0   0   0   0   0   0   0  40   0  49  11   0   0   0   0   0   0  0.55 0.10
  192 G     0  -2   1  -1  -3  -2  -2   5  -2  -4  -4  -2  -3  -4  -2   2  -1  -3  -3  -3    0   0   8   0   0   0   0  68   0   0   0   0   0   0   0  24   0   0   0   0  0.81 0.09
  193 E    -2  -1  -1   2  -5   1   6  -3  -1  -4  -4   0  -3  -4  -2  -1  -2  -4  -3  -3    0   0   0   5   0   0  95   0   0   0   0   0   0   0   0   0   0   0   0   0  1.03 0.13
  194 V    -2  -3  -4  -4  -2  -3  -4  -4  -3   1   2  -3   1   5  -4  -3  -2  -1   1   2    0   0   0   0   0   0   0   0   0   0  30   0   0  49   0   0   0   0   0  21  0.52 0.08
  195 D    -2  -2   2   6  -4  -1   1   0  -2  -4  -4  -1  -4  -4  -2  -1  -2  -5  -4  -4    0   0   9  84   0   0   0   7   0   0   0   0   0   0   0   0   0   0   0   0  1.04 0.11
  196 I    -2  -4  -4  -4  -2  -4  -4  -5  -4   6   1  -3   1  -1  -4  -3  -1  -3  -2   3    0   0   0   0   0   0   0   0   0  92   0   0   0   0   0   0   0   0   0   8  0.70 0.11
  197 L    -2  -3  -4  -4  -2  -3  -4  -4  -2   0   3  -4   1   6  -4  -3  -2   0   2  -1    0   0   0   0   0   0   0   0   0   0  43   0   0  57   0   0   0   0   0   0  0.68 0.09
  198 L    -2  -3  -4  -4  -2  -3  -4  -4  -4   4   4  -3   1   0  -3  -3  -1  -3  -2   2    0   0   0   0   0   0   0   0   0  49  51   0   0   0   0   0   0   0   0   0  0.53 0.08
  199 T     1   1   4   0  -2   1  -1   0  -1  -3  -3   0  -2  -3  -2   0   1  -4  -2  -2   23   7  41   2   0   6   0   5   0   0   0   0   0   0   0   0  15   0   0   0  0.35 0.06
  200 W    -3  -3  -4  -5   3  -3  -3  -4  -1  -3  -2  -3  -2   1  -4  -3  -3  10   6  -3    0   0   0   0   8   0   0   0   0   0   0   0   0   0   0   0   0  51  41   0  1.69 0.15
  201 M    -2  -3  -4  -4  -2  -2  -3  -4  -3   5   1  -3   5  -1  -3  -3  -1  -3  -2   2    0   0   0   0   0   0   0   0   0  61   0   0  39   0   0   0   0   0   0   0  0.59 0.11
  202 Q    -2   0   1   2  -4   3   5  -2   0  -4  -3   0  -2  -4  -2  -1  -1  -3  -3  -3    0   0   8   9   0  21  62   0   0   0   0   0   0   0   0   0   0   0   0   0  0.72 0.09
  203 K     2   1   1   0  -2   1   3  -1  -1  -3  -3   2  -2  -3  -1   0   1  -3  -2  -2   26   9   6   0   0   0  26   0   0   0   0  23   0   0   0   2   9   0   0   0  0.29 0.05
  204 F    -2  -2   2  -2  -3  -2  -2  -3   1  -2  -1  -2  -1   4  -4  -2  -2   1   6  -2    0   0  21   0   0   0   0   0   0   0   0   0   0  24   0   0   0   0  55   0  0.71 0.08
  205 Y    -2  -2  -1  -3  -2  -1  -2  -3   6   0  -1  -2  -1   1  -3  -2  -1   0   5   1    0   0   0   0   0   0   0   0  33   0   0   0   0   0   0   0   0   0  42  24  0.47 0.03
  206 K    -1   0   0   0  -3   2   3  -2   3  -2  -2   2  -1  -3  -1   0   2  -3  -1  -2    0   0   0   0   0  13  26   0  12   0   0  22   0   0   0   0  27   0   0   0  0.31 0.01
  207 L    -1  -3  -4  -4  -1  -2  -3  -4  -3   2   4  -3   2   0  -3  -2  -1  -2  -1   2    0   0   0   0   0   0   0   0   0   0  74   0   0   0   0   0   0   0   0  26  0.40 0.02

                      K         Lambda
Standard Ungapped    0.1345     0.3253
Standard Gapped      0.0406     0.2670
PSI Ungapped         0.1327     0.3180
PSI Gapped           0.0406     0.2670
